# GENERADO por tools/dominios/ensu/tablas.py -- sólo ids (CALC-ENSU-SERIE-0001)
conducta	eje	categoria	result_dictamen	result_direccion	result_k	result_n_fuera	result_delta_pp	result_ola_ini	result_ola_fin	result_n_cambio_documentado
C01-INSEG-CIUDAD	CIUDAD	01	RESULT-ENSU-DICTAMEN-C01-INSEG-CIUDAD-CIUDAD-01-DICTAMEN	RESULT-ENSU-DICTAMEN-C01-INSEG-CIUDAD-CIUDAD-01-DIRECCION	RESULT-ENSU-DICTAMEN-C01-INSEG-CIUDAD-CIUDAD-01-K	RESULT-ENSU-DICTAMEN-C01-INSEG-CIUDAD-CIUDAD-01-N-FUERA	RESULT-ENSU-DICTAMEN-C01-INSEG-CIUDAD-CIUDAD-01-DELTA-PP	RESULT-ENSU-DICTAMEN-C01-INSEG-CIUDAD-CIUDAD-01-OLA-INI	RESULT-ENSU-DICTAMEN-C01-INSEG-CIUDAD-CIUDAD-01-OLA-FIN	RESULT-ENSU-DICTAMEN-C01-INSEG-CIUDAD-CIUDAD-01-N-CAMBIO-DOCUMENTADO
C01-INSEG-CIUDAD	CIUDAD	02	RESULT-ENSU-DICTAMEN-C01-INSEG-CIUDAD-CIUDAD-02-DICTAMEN	RESULT-ENSU-DICTAMEN-C01-INSEG-CIUDAD-CIUDAD-02-DIRECCION	RESULT-ENSU-DICTAMEN-C01-INSEG-CIUDAD-CIUDAD-02-K	RESULT-ENSU-DICTAMEN-C01-INSEG-CIUDAD-CIUDAD-02-N-FUERA	RESULT-ENSU-DICTAMEN-C01-INSEG-CIUDAD-CIUDAD-02-DELTA-PP	RESULT-ENSU-DICTAMEN-C01-INSEG-CIUDAD-CIUDAD-02-OLA-INI	RESULT-ENSU-DICTAMEN-C01-INSEG-CIUDAD-CIUDAD-02-OLA-FIN	RESULT-ENSU-DICTAMEN-C01-INSEG-CIUDAD-CIUDAD-02-N-CAMBIO-DOCUMENTADO
C01-INSEG-CIUDAD	CIUDAD	03	RESULT-ENSU-DICTAMEN-C01-INSEG-CIUDAD-CIUDAD-03-DICTAMEN	RESULT-ENSU-DICTAMEN-C01-INSEG-CIUDAD-CIUDAD-03-DIRECCION	RESULT-ENSU-DICTAMEN-C01-INSEG-CIUDAD-CIUDAD-03-K	RESULT-ENSU-DICTAMEN-C01-INSEG-CIUDAD-CIUDAD-03-N-FUERA	RESULT-ENSU-DICTAMEN-C01-INSEG-CIUDAD-CIUDAD-03-DELTA-PP	RESULT-ENSU-DICTAMEN-C01-INSEG-CIUDAD-CIUDAD-03-OLA-INI	RESULT-ENSU-DICTAMEN-C01-INSEG-CIUDAD-CIUDAD-03-OLA-FIN	RESULT-ENSU-DICTAMEN-C01-INSEG-CIUDAD-CIUDAD-03-N-CAMBIO-DOCUMENTADO
C01-INSEG-CIUDAD	CIUDAD	04	RESULT-ENSU-DICTAMEN-C01-INSEG-CIUDAD-CIUDAD-04-DICTAMEN	RESULT-ENSU-DICTAMEN-C01-INSEG-CIUDAD-CIUDAD-04-DIRECCION	RESULT-ENSU-DICTAMEN-C01-INSEG-CIUDAD-CIUDAD-04-K	RESULT-ENSU-DICTAMEN-C01-INSEG-CIUDAD-CIUDAD-04-N-FUERA	RESULT-ENSU-DICTAMEN-C01-INSEG-CIUDAD-CIUDAD-04-DELTA-PP	RESULT-ENSU-DICTAMEN-C01-INSEG-CIUDAD-CIUDAD-04-OLA-INI	RESULT-ENSU-DICTAMEN-C01-INSEG-CIUDAD-CIUDAD-04-OLA-FIN	RESULT-ENSU-DICTAMEN-C01-INSEG-CIUDAD-CIUDAD-04-N-CAMBIO-DOCUMENTADO
C01-INSEG-CIUDAD	CIUDAD	05	RESULT-ENSU-DICTAMEN-C01-INSEG-CIUDAD-CIUDAD-05-DICTAMEN	RESULT-ENSU-DICTAMEN-C01-INSEG-CIUDAD-CIUDAD-05-DIRECCION	RESULT-ENSU-DICTAMEN-C01-INSEG-CIUDAD-CIUDAD-05-K	RESULT-ENSU-DICTAMEN-C01-INSEG-CIUDAD-CIUDAD-05-N-FUERA	RESULT-ENSU-DICTAMEN-C01-INSEG-CIUDAD-CIUDAD-05-DELTA-PP	RESULT-ENSU-DICTAMEN-C01-INSEG-CIUDAD-CIUDAD-05-OLA-INI	RESULT-ENSU-DICTAMEN-C01-INSEG-CIUDAD-CIUDAD-05-OLA-FIN	RESULT-ENSU-DICTAMEN-C01-INSEG-CIUDAD-CIUDAD-05-N-CAMBIO-DOCUMENTADO
C01-INSEG-CIUDAD	CIUDAD	06	RESULT-ENSU-DICTAMEN-C01-INSEG-CIUDAD-CIUDAD-06-DICTAMEN	RESULT-ENSU-DICTAMEN-C01-INSEG-CIUDAD-CIUDAD-06-DIRECCION	RESULT-ENSU-DICTAMEN-C01-INSEG-CIUDAD-CIUDAD-06-K	RESULT-ENSU-DICTAMEN-C01-INSEG-CIUDAD-CIUDAD-06-N-FUERA	RESULT-ENSU-DICTAMEN-C01-INSEG-CIUDAD-CIUDAD-06-DELTA-PP	RESULT-ENSU-DICTAMEN-C01-INSEG-CIUDAD-CIUDAD-06-OLA-INI	RESULT-ENSU-DICTAMEN-C01-INSEG-CIUDAD-CIUDAD-06-OLA-FIN	RESULT-ENSU-DICTAMEN-C01-INSEG-CIUDAD-CIUDAD-06-N-CAMBIO-DOCUMENTADO
C01-INSEG-CIUDAD	CIUDAD	07	RESULT-ENSU-DICTAMEN-C01-INSEG-CIUDAD-CIUDAD-07-DICTAMEN	RESULT-ENSU-DICTAMEN-C01-INSEG-CIUDAD-CIUDAD-07-DIRECCION	RESULT-ENSU-DICTAMEN-C01-INSEG-CIUDAD-CIUDAD-07-K	RESULT-ENSU-DICTAMEN-C01-INSEG-CIUDAD-CIUDAD-07-N-FUERA	RESULT-ENSU-DICTAMEN-C01-INSEG-CIUDAD-CIUDAD-07-DELTA-PP	RESULT-ENSU-DICTAMEN-C01-INSEG-CIUDAD-CIUDAD-07-OLA-INI	RESULT-ENSU-DICTAMEN-C01-INSEG-CIUDAD-CIUDAD-07-OLA-FIN	RESULT-ENSU-DICTAMEN-C01-INSEG-CIUDAD-CIUDAD-07-N-CAMBIO-DOCUMENTADO
C01-INSEG-CIUDAD	CIUDAD	08	RESULT-ENSU-DICTAMEN-C01-INSEG-CIUDAD-CIUDAD-08-DICTAMEN	RESULT-ENSU-DICTAMEN-C01-INSEG-CIUDAD-CIUDAD-08-DIRECCION	RESULT-ENSU-DICTAMEN-C01-INSEG-CIUDAD-CIUDAD-08-K	RESULT-ENSU-DICTAMEN-C01-INSEG-CIUDAD-CIUDAD-08-N-FUERA	RESULT-ENSU-DICTAMEN-C01-INSEG-CIUDAD-CIUDAD-08-DELTA-PP	RESULT-ENSU-DICTAMEN-C01-INSEG-CIUDAD-CIUDAD-08-OLA-INI	RESULT-ENSU-DICTAMEN-C01-INSEG-CIUDAD-CIUDAD-08-OLA-FIN	RESULT-ENSU-DICTAMEN-C01-INSEG-CIUDAD-CIUDAD-08-N-CAMBIO-DOCUMENTADO
C01-INSEG-CIUDAD	CIUDAD	09	RESULT-ENSU-DICTAMEN-C01-INSEG-CIUDAD-CIUDAD-09-DICTAMEN	RESULT-ENSU-DICTAMEN-C01-INSEG-CIUDAD-CIUDAD-09-DIRECCION	RESULT-ENSU-DICTAMEN-C01-INSEG-CIUDAD-CIUDAD-09-K	RESULT-ENSU-DICTAMEN-C01-INSEG-CIUDAD-CIUDAD-09-N-FUERA	RESULT-ENSU-DICTAMEN-C01-INSEG-CIUDAD-CIUDAD-09-DELTA-PP	RESULT-ENSU-DICTAMEN-C01-INSEG-CIUDAD-CIUDAD-09-OLA-INI	RESULT-ENSU-DICTAMEN-C01-INSEG-CIUDAD-CIUDAD-09-OLA-FIN	RESULT-ENSU-DICTAMEN-C01-INSEG-CIUDAD-CIUDAD-09-N-CAMBIO-DOCUMENTADO
C01-INSEG-CIUDAD	CIUDAD	10	RESULT-ENSU-DICTAMEN-C01-INSEG-CIUDAD-CIUDAD-10-DICTAMEN	RESULT-ENSU-DICTAMEN-C01-INSEG-CIUDAD-CIUDAD-10-DIRECCION	RESULT-ENSU-DICTAMEN-C01-INSEG-CIUDAD-CIUDAD-10-K	RESULT-ENSU-DICTAMEN-C01-INSEG-CIUDAD-CIUDAD-10-N-FUERA	RESULT-ENSU-DICTAMEN-C01-INSEG-CIUDAD-CIUDAD-10-DELTA-PP	RESULT-ENSU-DICTAMEN-C01-INSEG-CIUDAD-CIUDAD-10-OLA-INI	RESULT-ENSU-DICTAMEN-C01-INSEG-CIUDAD-CIUDAD-10-OLA-FIN	RESULT-ENSU-DICTAMEN-C01-INSEG-CIUDAD-CIUDAD-10-N-CAMBIO-DOCUMENTADO
C01-INSEG-CIUDAD	CIUDAD	11	RESULT-ENSU-DICTAMEN-C01-INSEG-CIUDAD-CIUDAD-11-DICTAMEN	RESULT-ENSU-DICTAMEN-C01-INSEG-CIUDAD-CIUDAD-11-DIRECCION	RESULT-ENSU-DICTAMEN-C01-INSEG-CIUDAD-CIUDAD-11-K	RESULT-ENSU-DICTAMEN-C01-INSEG-CIUDAD-CIUDAD-11-N-FUERA	RESULT-ENSU-DICTAMEN-C01-INSEG-CIUDAD-CIUDAD-11-DELTA-PP	RESULT-ENSU-DICTAMEN-C01-INSEG-CIUDAD-CIUDAD-11-OLA-INI	RESULT-ENSU-DICTAMEN-C01-INSEG-CIUDAD-CIUDAD-11-OLA-FIN	RESULT-ENSU-DICTAMEN-C01-INSEG-CIUDAD-CIUDAD-11-N-CAMBIO-DOCUMENTADO
C01-INSEG-CIUDAD	CIUDAD	12	RESULT-ENSU-DICTAMEN-C01-INSEG-CIUDAD-CIUDAD-12-DICTAMEN	RESULT-ENSU-DICTAMEN-C01-INSEG-CIUDAD-CIUDAD-12-DIRECCION	RESULT-ENSU-DICTAMEN-C01-INSEG-CIUDAD-CIUDAD-12-K	RESULT-ENSU-DICTAMEN-C01-INSEG-CIUDAD-CIUDAD-12-N-FUERA	RESULT-ENSU-DICTAMEN-C01-INSEG-CIUDAD-CIUDAD-12-DELTA-PP	RESULT-ENSU-DICTAMEN-C01-INSEG-CIUDAD-CIUDAD-12-OLA-INI	RESULT-ENSU-DICTAMEN-C01-INSEG-CIUDAD-CIUDAD-12-OLA-FIN	RESULT-ENSU-DICTAMEN-C01-INSEG-CIUDAD-CIUDAD-12-N-CAMBIO-DOCUMENTADO
C01-INSEG-CIUDAD	CIUDAD	13	RESULT-ENSU-DICTAMEN-C01-INSEG-CIUDAD-CIUDAD-13-DICTAMEN	RESULT-ENSU-DICTAMEN-C01-INSEG-CIUDAD-CIUDAD-13-DIRECCION	RESULT-ENSU-DICTAMEN-C01-INSEG-CIUDAD-CIUDAD-13-K	RESULT-ENSU-DICTAMEN-C01-INSEG-CIUDAD-CIUDAD-13-N-FUERA	RESULT-ENSU-DICTAMEN-C01-INSEG-CIUDAD-CIUDAD-13-DELTA-PP	RESULT-ENSU-DICTAMEN-C01-INSEG-CIUDAD-CIUDAD-13-OLA-INI	RESULT-ENSU-DICTAMEN-C01-INSEG-CIUDAD-CIUDAD-13-OLA-FIN	RESULT-ENSU-DICTAMEN-C01-INSEG-CIUDAD-CIUDAD-13-N-CAMBIO-DOCUMENTADO
C01-INSEG-CIUDAD	CIUDAD	14	RESULT-ENSU-DICTAMEN-C01-INSEG-CIUDAD-CIUDAD-14-DICTAMEN	RESULT-ENSU-DICTAMEN-C01-INSEG-CIUDAD-CIUDAD-14-DIRECCION	RESULT-ENSU-DICTAMEN-C01-INSEG-CIUDAD-CIUDAD-14-K	RESULT-ENSU-DICTAMEN-C01-INSEG-CIUDAD-CIUDAD-14-N-FUERA	RESULT-ENSU-DICTAMEN-C01-INSEG-CIUDAD-CIUDAD-14-DELTA-PP	RESULT-ENSU-DICTAMEN-C01-INSEG-CIUDAD-CIUDAD-14-OLA-INI	RESULT-ENSU-DICTAMEN-C01-INSEG-CIUDAD-CIUDAD-14-OLA-FIN	RESULT-ENSU-DICTAMEN-C01-INSEG-CIUDAD-CIUDAD-14-N-CAMBIO-DOCUMENTADO
C01-INSEG-CIUDAD	CIUDAD	15	RESULT-ENSU-DICTAMEN-C01-INSEG-CIUDAD-CIUDAD-15-DICTAMEN	RESULT-ENSU-DICTAMEN-C01-INSEG-CIUDAD-CIUDAD-15-DIRECCION	RESULT-ENSU-DICTAMEN-C01-INSEG-CIUDAD-CIUDAD-15-K	RESULT-ENSU-DICTAMEN-C01-INSEG-CIUDAD-CIUDAD-15-N-FUERA	RESULT-ENSU-DICTAMEN-C01-INSEG-CIUDAD-CIUDAD-15-DELTA-PP	RESULT-ENSU-DICTAMEN-C01-INSEG-CIUDAD-CIUDAD-15-OLA-INI	RESULT-ENSU-DICTAMEN-C01-INSEG-CIUDAD-CIUDAD-15-OLA-FIN	RESULT-ENSU-DICTAMEN-C01-INSEG-CIUDAD-CIUDAD-15-N-CAMBIO-DOCUMENTADO
C01-INSEG-CIUDAD	CIUDAD	16	RESULT-ENSU-DICTAMEN-C01-INSEG-CIUDAD-CIUDAD-16-DICTAMEN	RESULT-ENSU-DICTAMEN-C01-INSEG-CIUDAD-CIUDAD-16-DIRECCION	RESULT-ENSU-DICTAMEN-C01-INSEG-CIUDAD-CIUDAD-16-K	RESULT-ENSU-DICTAMEN-C01-INSEG-CIUDAD-CIUDAD-16-N-FUERA	RESULT-ENSU-DICTAMEN-C01-INSEG-CIUDAD-CIUDAD-16-DELTA-PP	RESULT-ENSU-DICTAMEN-C01-INSEG-CIUDAD-CIUDAD-16-OLA-INI	RESULT-ENSU-DICTAMEN-C01-INSEG-CIUDAD-CIUDAD-16-OLA-FIN	RESULT-ENSU-DICTAMEN-C01-INSEG-CIUDAD-CIUDAD-16-N-CAMBIO-DOCUMENTADO
C01-INSEG-CIUDAD	CIUDAD	17	RESULT-ENSU-DICTAMEN-C01-INSEG-CIUDAD-CIUDAD-17-DICTAMEN	RESULT-ENSU-DICTAMEN-C01-INSEG-CIUDAD-CIUDAD-17-DIRECCION	RESULT-ENSU-DICTAMEN-C01-INSEG-CIUDAD-CIUDAD-17-K	RESULT-ENSU-DICTAMEN-C01-INSEG-CIUDAD-CIUDAD-17-N-FUERA	RESULT-ENSU-DICTAMEN-C01-INSEG-CIUDAD-CIUDAD-17-DELTA-PP	RESULT-ENSU-DICTAMEN-C01-INSEG-CIUDAD-CIUDAD-17-OLA-INI	RESULT-ENSU-DICTAMEN-C01-INSEG-CIUDAD-CIUDAD-17-OLA-FIN	RESULT-ENSU-DICTAMEN-C01-INSEG-CIUDAD-CIUDAD-17-N-CAMBIO-DOCUMENTADO
C01-INSEG-CIUDAD	CIUDAD	18	RESULT-ENSU-DICTAMEN-C01-INSEG-CIUDAD-CIUDAD-18-DICTAMEN	RESULT-ENSU-DICTAMEN-C01-INSEG-CIUDAD-CIUDAD-18-DIRECCION	RESULT-ENSU-DICTAMEN-C01-INSEG-CIUDAD-CIUDAD-18-K	RESULT-ENSU-DICTAMEN-C01-INSEG-CIUDAD-CIUDAD-18-N-FUERA	RESULT-ENSU-DICTAMEN-C01-INSEG-CIUDAD-CIUDAD-18-DELTA-PP	RESULT-ENSU-DICTAMEN-C01-INSEG-CIUDAD-CIUDAD-18-OLA-INI	RESULT-ENSU-DICTAMEN-C01-INSEG-CIUDAD-CIUDAD-18-OLA-FIN	RESULT-ENSU-DICTAMEN-C01-INSEG-CIUDAD-CIUDAD-18-N-CAMBIO-DOCUMENTADO
C01-INSEG-CIUDAD	CIUDAD	19	RESULT-ENSU-DICTAMEN-C01-INSEG-CIUDAD-CIUDAD-19-DICTAMEN	RESULT-ENSU-DICTAMEN-C01-INSEG-CIUDAD-CIUDAD-19-DIRECCION	RESULT-ENSU-DICTAMEN-C01-INSEG-CIUDAD-CIUDAD-19-K	RESULT-ENSU-DICTAMEN-C01-INSEG-CIUDAD-CIUDAD-19-N-FUERA	RESULT-ENSU-DICTAMEN-C01-INSEG-CIUDAD-CIUDAD-19-DELTA-PP	RESULT-ENSU-DICTAMEN-C01-INSEG-CIUDAD-CIUDAD-19-OLA-INI	RESULT-ENSU-DICTAMEN-C01-INSEG-CIUDAD-CIUDAD-19-OLA-FIN	RESULT-ENSU-DICTAMEN-C01-INSEG-CIUDAD-CIUDAD-19-N-CAMBIO-DOCUMENTADO
C01-INSEG-CIUDAD	CIUDAD	20	RESULT-ENSU-DICTAMEN-C01-INSEG-CIUDAD-CIUDAD-20-DICTAMEN	RESULT-ENSU-DICTAMEN-C01-INSEG-CIUDAD-CIUDAD-20-DIRECCION	RESULT-ENSU-DICTAMEN-C01-INSEG-CIUDAD-CIUDAD-20-K	RESULT-ENSU-DICTAMEN-C01-INSEG-CIUDAD-CIUDAD-20-N-FUERA	RESULT-ENSU-DICTAMEN-C01-INSEG-CIUDAD-CIUDAD-20-DELTA-PP	RESULT-ENSU-DICTAMEN-C01-INSEG-CIUDAD-CIUDAD-20-OLA-INI	RESULT-ENSU-DICTAMEN-C01-INSEG-CIUDAD-CIUDAD-20-OLA-FIN	RESULT-ENSU-DICTAMEN-C01-INSEG-CIUDAD-CIUDAD-20-N-CAMBIO-DOCUMENTADO
C01-INSEG-CIUDAD	CIUDAD	21	RESULT-ENSU-DICTAMEN-C01-INSEG-CIUDAD-CIUDAD-21-DICTAMEN	RESULT-ENSU-DICTAMEN-C01-INSEG-CIUDAD-CIUDAD-21-DIRECCION	RESULT-ENSU-DICTAMEN-C01-INSEG-CIUDAD-CIUDAD-21-K	RESULT-ENSU-DICTAMEN-C01-INSEG-CIUDAD-CIUDAD-21-N-FUERA	RESULT-ENSU-DICTAMEN-C01-INSEG-CIUDAD-CIUDAD-21-DELTA-PP	RESULT-ENSU-DICTAMEN-C01-INSEG-CIUDAD-CIUDAD-21-OLA-INI	RESULT-ENSU-DICTAMEN-C01-INSEG-CIUDAD-CIUDAD-21-OLA-FIN	RESULT-ENSU-DICTAMEN-C01-INSEG-CIUDAD-CIUDAD-21-N-CAMBIO-DOCUMENTADO
C01-INSEG-CIUDAD	CIUDAD	22	RESULT-ENSU-DICTAMEN-C01-INSEG-CIUDAD-CIUDAD-22-DICTAMEN	RESULT-ENSU-DICTAMEN-C01-INSEG-CIUDAD-CIUDAD-22-DIRECCION	RESULT-ENSU-DICTAMEN-C01-INSEG-CIUDAD-CIUDAD-22-K	RESULT-ENSU-DICTAMEN-C01-INSEG-CIUDAD-CIUDAD-22-N-FUERA	RESULT-ENSU-DICTAMEN-C01-INSEG-CIUDAD-CIUDAD-22-DELTA-PP	RESULT-ENSU-DICTAMEN-C01-INSEG-CIUDAD-CIUDAD-22-OLA-INI	RESULT-ENSU-DICTAMEN-C01-INSEG-CIUDAD-CIUDAD-22-OLA-FIN	RESULT-ENSU-DICTAMEN-C01-INSEG-CIUDAD-CIUDAD-22-N-CAMBIO-DOCUMENTADO
C01-INSEG-CIUDAD	CIUDAD	23	RESULT-ENSU-DICTAMEN-C01-INSEG-CIUDAD-CIUDAD-23-DICTAMEN	RESULT-ENSU-DICTAMEN-C01-INSEG-CIUDAD-CIUDAD-23-DIRECCION	RESULT-ENSU-DICTAMEN-C01-INSEG-CIUDAD-CIUDAD-23-K	RESULT-ENSU-DICTAMEN-C01-INSEG-CIUDAD-CIUDAD-23-N-FUERA	RESULT-ENSU-DICTAMEN-C01-INSEG-CIUDAD-CIUDAD-23-DELTA-PP	RESULT-ENSU-DICTAMEN-C01-INSEG-CIUDAD-CIUDAD-23-OLA-INI	RESULT-ENSU-DICTAMEN-C01-INSEG-CIUDAD-CIUDAD-23-OLA-FIN	RESULT-ENSU-DICTAMEN-C01-INSEG-CIUDAD-CIUDAD-23-N-CAMBIO-DOCUMENTADO
C01-INSEG-CIUDAD	CIUDAD	24	RESULT-ENSU-DICTAMEN-C01-INSEG-CIUDAD-CIUDAD-24-DICTAMEN	RESULT-ENSU-DICTAMEN-C01-INSEG-CIUDAD-CIUDAD-24-DIRECCION	RESULT-ENSU-DICTAMEN-C01-INSEG-CIUDAD-CIUDAD-24-K	RESULT-ENSU-DICTAMEN-C01-INSEG-CIUDAD-CIUDAD-24-N-FUERA	RESULT-ENSU-DICTAMEN-C01-INSEG-CIUDAD-CIUDAD-24-DELTA-PP	RESULT-ENSU-DICTAMEN-C01-INSEG-CIUDAD-CIUDAD-24-OLA-INI	RESULT-ENSU-DICTAMEN-C01-INSEG-CIUDAD-CIUDAD-24-OLA-FIN	RESULT-ENSU-DICTAMEN-C01-INSEG-CIUDAD-CIUDAD-24-N-CAMBIO-DOCUMENTADO
C01-INSEG-CIUDAD	CIUDAD	25	RESULT-ENSU-DICTAMEN-C01-INSEG-CIUDAD-CIUDAD-25-DICTAMEN	RESULT-ENSU-DICTAMEN-C01-INSEG-CIUDAD-CIUDAD-25-DIRECCION	RESULT-ENSU-DICTAMEN-C01-INSEG-CIUDAD-CIUDAD-25-K	RESULT-ENSU-DICTAMEN-C01-INSEG-CIUDAD-CIUDAD-25-N-FUERA	RESULT-ENSU-DICTAMEN-C01-INSEG-CIUDAD-CIUDAD-25-DELTA-PP	RESULT-ENSU-DICTAMEN-C01-INSEG-CIUDAD-CIUDAD-25-OLA-INI	RESULT-ENSU-DICTAMEN-C01-INSEG-CIUDAD-CIUDAD-25-OLA-FIN	RESULT-ENSU-DICTAMEN-C01-INSEG-CIUDAD-CIUDAD-25-N-CAMBIO-DOCUMENTADO
C01-INSEG-CIUDAD	CIUDAD	26	RESULT-ENSU-DICTAMEN-C01-INSEG-CIUDAD-CIUDAD-26-DICTAMEN	RESULT-ENSU-DICTAMEN-C01-INSEG-CIUDAD-CIUDAD-26-DIRECCION	RESULT-ENSU-DICTAMEN-C01-INSEG-CIUDAD-CIUDAD-26-K	RESULT-ENSU-DICTAMEN-C01-INSEG-CIUDAD-CIUDAD-26-N-FUERA	RESULT-ENSU-DICTAMEN-C01-INSEG-CIUDAD-CIUDAD-26-DELTA-PP	RESULT-ENSU-DICTAMEN-C01-INSEG-CIUDAD-CIUDAD-26-OLA-INI	RESULT-ENSU-DICTAMEN-C01-INSEG-CIUDAD-CIUDAD-26-OLA-FIN	RESULT-ENSU-DICTAMEN-C01-INSEG-CIUDAD-CIUDAD-26-N-CAMBIO-DOCUMENTADO
C01-INSEG-CIUDAD	CIUDAD	27	RESULT-ENSU-DICTAMEN-C01-INSEG-CIUDAD-CIUDAD-27-DICTAMEN	RESULT-ENSU-DICTAMEN-C01-INSEG-CIUDAD-CIUDAD-27-DIRECCION	RESULT-ENSU-DICTAMEN-C01-INSEG-CIUDAD-CIUDAD-27-K	RESULT-ENSU-DICTAMEN-C01-INSEG-CIUDAD-CIUDAD-27-N-FUERA	RESULT-ENSU-DICTAMEN-C01-INSEG-CIUDAD-CIUDAD-27-DELTA-PP	RESULT-ENSU-DICTAMEN-C01-INSEG-CIUDAD-CIUDAD-27-OLA-INI	RESULT-ENSU-DICTAMEN-C01-INSEG-CIUDAD-CIUDAD-27-OLA-FIN	RESULT-ENSU-DICTAMEN-C01-INSEG-CIUDAD-CIUDAD-27-N-CAMBIO-DOCUMENTADO
C01-INSEG-CIUDAD	CIUDAD	28	RESULT-ENSU-DICTAMEN-C01-INSEG-CIUDAD-CIUDAD-28-DICTAMEN	RESULT-ENSU-DICTAMEN-C01-INSEG-CIUDAD-CIUDAD-28-DIRECCION	RESULT-ENSU-DICTAMEN-C01-INSEG-CIUDAD-CIUDAD-28-K	RESULT-ENSU-DICTAMEN-C01-INSEG-CIUDAD-CIUDAD-28-N-FUERA	RESULT-ENSU-DICTAMEN-C01-INSEG-CIUDAD-CIUDAD-28-DELTA-PP	RESULT-ENSU-DICTAMEN-C01-INSEG-CIUDAD-CIUDAD-28-OLA-INI	RESULT-ENSU-DICTAMEN-C01-INSEG-CIUDAD-CIUDAD-28-OLA-FIN	RESULT-ENSU-DICTAMEN-C01-INSEG-CIUDAD-CIUDAD-28-N-CAMBIO-DOCUMENTADO
C01-INSEG-CIUDAD	CIUDAD	29	RESULT-ENSU-DICTAMEN-C01-INSEG-CIUDAD-CIUDAD-29-DICTAMEN	RESULT-ENSU-DICTAMEN-C01-INSEG-CIUDAD-CIUDAD-29-DIRECCION	RESULT-ENSU-DICTAMEN-C01-INSEG-CIUDAD-CIUDAD-29-K	RESULT-ENSU-DICTAMEN-C01-INSEG-CIUDAD-CIUDAD-29-N-FUERA	RESULT-ENSU-DICTAMEN-C01-INSEG-CIUDAD-CIUDAD-29-DELTA-PP	RESULT-ENSU-DICTAMEN-C01-INSEG-CIUDAD-CIUDAD-29-OLA-INI	RESULT-ENSU-DICTAMEN-C01-INSEG-CIUDAD-CIUDAD-29-OLA-FIN	RESULT-ENSU-DICTAMEN-C01-INSEG-CIUDAD-CIUDAD-29-N-CAMBIO-DOCUMENTADO
C01-INSEG-CIUDAD	CIUDAD	30	RESULT-ENSU-DICTAMEN-C01-INSEG-CIUDAD-CIUDAD-30-DICTAMEN	RESULT-ENSU-DICTAMEN-C01-INSEG-CIUDAD-CIUDAD-30-DIRECCION	RESULT-ENSU-DICTAMEN-C01-INSEG-CIUDAD-CIUDAD-30-K	RESULT-ENSU-DICTAMEN-C01-INSEG-CIUDAD-CIUDAD-30-N-FUERA	RESULT-ENSU-DICTAMEN-C01-INSEG-CIUDAD-CIUDAD-30-DELTA-PP	RESULT-ENSU-DICTAMEN-C01-INSEG-CIUDAD-CIUDAD-30-OLA-INI	RESULT-ENSU-DICTAMEN-C01-INSEG-CIUDAD-CIUDAD-30-OLA-FIN	RESULT-ENSU-DICTAMEN-C01-INSEG-CIUDAD-CIUDAD-30-N-CAMBIO-DOCUMENTADO
C01-INSEG-CIUDAD	CIUDAD	31	RESULT-ENSU-DICTAMEN-C01-INSEG-CIUDAD-CIUDAD-31-DICTAMEN	RESULT-ENSU-DICTAMEN-C01-INSEG-CIUDAD-CIUDAD-31-DIRECCION	RESULT-ENSU-DICTAMEN-C01-INSEG-CIUDAD-CIUDAD-31-K	RESULT-ENSU-DICTAMEN-C01-INSEG-CIUDAD-CIUDAD-31-N-FUERA	RESULT-ENSU-DICTAMEN-C01-INSEG-CIUDAD-CIUDAD-31-DELTA-PP	RESULT-ENSU-DICTAMEN-C01-INSEG-CIUDAD-CIUDAD-31-OLA-INI	RESULT-ENSU-DICTAMEN-C01-INSEG-CIUDAD-CIUDAD-31-OLA-FIN	RESULT-ENSU-DICTAMEN-C01-INSEG-CIUDAD-CIUDAD-31-N-CAMBIO-DOCUMENTADO
C01-INSEG-CIUDAD	CIUDAD	32	RESULT-ENSU-DICTAMEN-C01-INSEG-CIUDAD-CIUDAD-32-DICTAMEN	RESULT-ENSU-DICTAMEN-C01-INSEG-CIUDAD-CIUDAD-32-DIRECCION	RESULT-ENSU-DICTAMEN-C01-INSEG-CIUDAD-CIUDAD-32-K	RESULT-ENSU-DICTAMEN-C01-INSEG-CIUDAD-CIUDAD-32-N-FUERA	RESULT-ENSU-DICTAMEN-C01-INSEG-CIUDAD-CIUDAD-32-DELTA-PP	RESULT-ENSU-DICTAMEN-C01-INSEG-CIUDAD-CIUDAD-32-OLA-INI	RESULT-ENSU-DICTAMEN-C01-INSEG-CIUDAD-CIUDAD-32-OLA-FIN	RESULT-ENSU-DICTAMEN-C01-INSEG-CIUDAD-CIUDAD-32-N-CAMBIO-DOCUMENTADO
C01-INSEG-CIUDAD	CIUDAD	33	RESULT-ENSU-DICTAMEN-C01-INSEG-CIUDAD-CIUDAD-33-DICTAMEN	RESULT-ENSU-DICTAMEN-C01-INSEG-CIUDAD-CIUDAD-33-DIRECCION	RESULT-ENSU-DICTAMEN-C01-INSEG-CIUDAD-CIUDAD-33-K	RESULT-ENSU-DICTAMEN-C01-INSEG-CIUDAD-CIUDAD-33-N-FUERA	RESULT-ENSU-DICTAMEN-C01-INSEG-CIUDAD-CIUDAD-33-DELTA-PP	RESULT-ENSU-DICTAMEN-C01-INSEG-CIUDAD-CIUDAD-33-OLA-INI	RESULT-ENSU-DICTAMEN-C01-INSEG-CIUDAD-CIUDAD-33-OLA-FIN	RESULT-ENSU-DICTAMEN-C01-INSEG-CIUDAD-CIUDAD-33-N-CAMBIO-DOCUMENTADO
C01-INSEG-CIUDAD	CIUDAD	34	RESULT-ENSU-DICTAMEN-C01-INSEG-CIUDAD-CIUDAD-34-DICTAMEN	RESULT-ENSU-DICTAMEN-C01-INSEG-CIUDAD-CIUDAD-34-DIRECCION	RESULT-ENSU-DICTAMEN-C01-INSEG-CIUDAD-CIUDAD-34-K	RESULT-ENSU-DICTAMEN-C01-INSEG-CIUDAD-CIUDAD-34-N-FUERA	RESULT-ENSU-DICTAMEN-C01-INSEG-CIUDAD-CIUDAD-34-DELTA-PP	RESULT-ENSU-DICTAMEN-C01-INSEG-CIUDAD-CIUDAD-34-OLA-INI	RESULT-ENSU-DICTAMEN-C01-INSEG-CIUDAD-CIUDAD-34-OLA-FIN	RESULT-ENSU-DICTAMEN-C01-INSEG-CIUDAD-CIUDAD-34-N-CAMBIO-DOCUMENTADO
C01-INSEG-CIUDAD	CIUDAD	35	RESULT-ENSU-DICTAMEN-C01-INSEG-CIUDAD-CIUDAD-35-DICTAMEN	RESULT-ENSU-DICTAMEN-C01-INSEG-CIUDAD-CIUDAD-35-DIRECCION	RESULT-ENSU-DICTAMEN-C01-INSEG-CIUDAD-CIUDAD-35-K	RESULT-ENSU-DICTAMEN-C01-INSEG-CIUDAD-CIUDAD-35-N-FUERA	RESULT-ENSU-DICTAMEN-C01-INSEG-CIUDAD-CIUDAD-35-DELTA-PP	RESULT-ENSU-DICTAMEN-C01-INSEG-CIUDAD-CIUDAD-35-OLA-INI	RESULT-ENSU-DICTAMEN-C01-INSEG-CIUDAD-CIUDAD-35-OLA-FIN	RESULT-ENSU-DICTAMEN-C01-INSEG-CIUDAD-CIUDAD-35-N-CAMBIO-DOCUMENTADO
C01-INSEG-CIUDAD	CIUDAD	36	RESULT-ENSU-DICTAMEN-C01-INSEG-CIUDAD-CIUDAD-36-DICTAMEN	RESULT-ENSU-DICTAMEN-C01-INSEG-CIUDAD-CIUDAD-36-DIRECCION	RESULT-ENSU-DICTAMEN-C01-INSEG-CIUDAD-CIUDAD-36-K	RESULT-ENSU-DICTAMEN-C01-INSEG-CIUDAD-CIUDAD-36-N-FUERA	RESULT-ENSU-DICTAMEN-C01-INSEG-CIUDAD-CIUDAD-36-DELTA-PP	RESULT-ENSU-DICTAMEN-C01-INSEG-CIUDAD-CIUDAD-36-OLA-INI	RESULT-ENSU-DICTAMEN-C01-INSEG-CIUDAD-CIUDAD-36-OLA-FIN	RESULT-ENSU-DICTAMEN-C01-INSEG-CIUDAD-CIUDAD-36-N-CAMBIO-DOCUMENTADO
C01-INSEG-CIUDAD	CIUDAD	37	RESULT-ENSU-DICTAMEN-C01-INSEG-CIUDAD-CIUDAD-37-DICTAMEN	RESULT-ENSU-DICTAMEN-C01-INSEG-CIUDAD-CIUDAD-37-DIRECCION	RESULT-ENSU-DICTAMEN-C01-INSEG-CIUDAD-CIUDAD-37-K	RESULT-ENSU-DICTAMEN-C01-INSEG-CIUDAD-CIUDAD-37-N-FUERA	RESULT-ENSU-DICTAMEN-C01-INSEG-CIUDAD-CIUDAD-37-DELTA-PP	RESULT-ENSU-DICTAMEN-C01-INSEG-CIUDAD-CIUDAD-37-OLA-INI	RESULT-ENSU-DICTAMEN-C01-INSEG-CIUDAD-CIUDAD-37-OLA-FIN	RESULT-ENSU-DICTAMEN-C01-INSEG-CIUDAD-CIUDAD-37-N-CAMBIO-DOCUMENTADO
C01-INSEG-CIUDAD	CIUDAD	38	RESULT-ENSU-DICTAMEN-C01-INSEG-CIUDAD-CIUDAD-38-DICTAMEN	RESULT-ENSU-DICTAMEN-C01-INSEG-CIUDAD-CIUDAD-38-DIRECCION	RESULT-ENSU-DICTAMEN-C01-INSEG-CIUDAD-CIUDAD-38-K	RESULT-ENSU-DICTAMEN-C01-INSEG-CIUDAD-CIUDAD-38-N-FUERA	RESULT-ENSU-DICTAMEN-C01-INSEG-CIUDAD-CIUDAD-38-DELTA-PP	RESULT-ENSU-DICTAMEN-C01-INSEG-CIUDAD-CIUDAD-38-OLA-INI	RESULT-ENSU-DICTAMEN-C01-INSEG-CIUDAD-CIUDAD-38-OLA-FIN	RESULT-ENSU-DICTAMEN-C01-INSEG-CIUDAD-CIUDAD-38-N-CAMBIO-DOCUMENTADO
C01-INSEG-CIUDAD	CIUDAD	39	RESULT-ENSU-DICTAMEN-C01-INSEG-CIUDAD-CIUDAD-39-DICTAMEN	RESULT-ENSU-DICTAMEN-C01-INSEG-CIUDAD-CIUDAD-39-DIRECCION	RESULT-ENSU-DICTAMEN-C01-INSEG-CIUDAD-CIUDAD-39-K	RESULT-ENSU-DICTAMEN-C01-INSEG-CIUDAD-CIUDAD-39-N-FUERA	RESULT-ENSU-DICTAMEN-C01-INSEG-CIUDAD-CIUDAD-39-DELTA-PP	RESULT-ENSU-DICTAMEN-C01-INSEG-CIUDAD-CIUDAD-39-OLA-INI	RESULT-ENSU-DICTAMEN-C01-INSEG-CIUDAD-CIUDAD-39-OLA-FIN	RESULT-ENSU-DICTAMEN-C01-INSEG-CIUDAD-CIUDAD-39-N-CAMBIO-DOCUMENTADO
C01-INSEG-CIUDAD	CIUDAD	40	RESULT-ENSU-DICTAMEN-C01-INSEG-CIUDAD-CIUDAD-40-DICTAMEN	RESULT-ENSU-DICTAMEN-C01-INSEG-CIUDAD-CIUDAD-40-DIRECCION	RESULT-ENSU-DICTAMEN-C01-INSEG-CIUDAD-CIUDAD-40-K	RESULT-ENSU-DICTAMEN-C01-INSEG-CIUDAD-CIUDAD-40-N-FUERA	RESULT-ENSU-DICTAMEN-C01-INSEG-CIUDAD-CIUDAD-40-DELTA-PP	RESULT-ENSU-DICTAMEN-C01-INSEG-CIUDAD-CIUDAD-40-OLA-INI	RESULT-ENSU-DICTAMEN-C01-INSEG-CIUDAD-CIUDAD-40-OLA-FIN	RESULT-ENSU-DICTAMEN-C01-INSEG-CIUDAD-CIUDAD-40-N-CAMBIO-DOCUMENTADO
C01-INSEG-CIUDAD	CIUDAD	41	RESULT-ENSU-DICTAMEN-C01-INSEG-CIUDAD-CIUDAD-41-DICTAMEN	RESULT-ENSU-DICTAMEN-C01-INSEG-CIUDAD-CIUDAD-41-DIRECCION	RESULT-ENSU-DICTAMEN-C01-INSEG-CIUDAD-CIUDAD-41-K	RESULT-ENSU-DICTAMEN-C01-INSEG-CIUDAD-CIUDAD-41-N-FUERA	RESULT-ENSU-DICTAMEN-C01-INSEG-CIUDAD-CIUDAD-41-DELTA-PP	RESULT-ENSU-DICTAMEN-C01-INSEG-CIUDAD-CIUDAD-41-OLA-INI	RESULT-ENSU-DICTAMEN-C01-INSEG-CIUDAD-CIUDAD-41-OLA-FIN	RESULT-ENSU-DICTAMEN-C01-INSEG-CIUDAD-CIUDAD-41-N-CAMBIO-DOCUMENTADO
C01-INSEG-CIUDAD	CIUDAD	42	RESULT-ENSU-DICTAMEN-C01-INSEG-CIUDAD-CIUDAD-42-DICTAMEN	RESULT-ENSU-DICTAMEN-C01-INSEG-CIUDAD-CIUDAD-42-DIRECCION	RESULT-ENSU-DICTAMEN-C01-INSEG-CIUDAD-CIUDAD-42-K	RESULT-ENSU-DICTAMEN-C01-INSEG-CIUDAD-CIUDAD-42-N-FUERA	RESULT-ENSU-DICTAMEN-C01-INSEG-CIUDAD-CIUDAD-42-DELTA-PP	RESULT-ENSU-DICTAMEN-C01-INSEG-CIUDAD-CIUDAD-42-OLA-INI	RESULT-ENSU-DICTAMEN-C01-INSEG-CIUDAD-CIUDAD-42-OLA-FIN	RESULT-ENSU-DICTAMEN-C01-INSEG-CIUDAD-CIUDAD-42-N-CAMBIO-DOCUMENTADO
C01-INSEG-CIUDAD	CIUDAD	43	RESULT-ENSU-DICTAMEN-C01-INSEG-CIUDAD-CIUDAD-43-DICTAMEN	RESULT-ENSU-DICTAMEN-C01-INSEG-CIUDAD-CIUDAD-43-DIRECCION	RESULT-ENSU-DICTAMEN-C01-INSEG-CIUDAD-CIUDAD-43-K	RESULT-ENSU-DICTAMEN-C01-INSEG-CIUDAD-CIUDAD-43-N-FUERA	RESULT-ENSU-DICTAMEN-C01-INSEG-CIUDAD-CIUDAD-43-DELTA-PP	RESULT-ENSU-DICTAMEN-C01-INSEG-CIUDAD-CIUDAD-43-OLA-INI	RESULT-ENSU-DICTAMEN-C01-INSEG-CIUDAD-CIUDAD-43-OLA-FIN	RESULT-ENSU-DICTAMEN-C01-INSEG-CIUDAD-CIUDAD-43-N-CAMBIO-DOCUMENTADO
C01-INSEG-CIUDAD	CIUDAD	44	RESULT-ENSU-DICTAMEN-C01-INSEG-CIUDAD-CIUDAD-44-DICTAMEN	RESULT-ENSU-DICTAMEN-C01-INSEG-CIUDAD-CIUDAD-44-DIRECCION	RESULT-ENSU-DICTAMEN-C01-INSEG-CIUDAD-CIUDAD-44-K	RESULT-ENSU-DICTAMEN-C01-INSEG-CIUDAD-CIUDAD-44-N-FUERA	RESULT-ENSU-DICTAMEN-C01-INSEG-CIUDAD-CIUDAD-44-DELTA-PP	RESULT-ENSU-DICTAMEN-C01-INSEG-CIUDAD-CIUDAD-44-OLA-INI	RESULT-ENSU-DICTAMEN-C01-INSEG-CIUDAD-CIUDAD-44-OLA-FIN	RESULT-ENSU-DICTAMEN-C01-INSEG-CIUDAD-CIUDAD-44-N-CAMBIO-DOCUMENTADO
C01-INSEG-CIUDAD	CIUDAD	45	RESULT-ENSU-DICTAMEN-C01-INSEG-CIUDAD-CIUDAD-45-DICTAMEN	RESULT-ENSU-DICTAMEN-C01-INSEG-CIUDAD-CIUDAD-45-DIRECCION	RESULT-ENSU-DICTAMEN-C01-INSEG-CIUDAD-CIUDAD-45-K	RESULT-ENSU-DICTAMEN-C01-INSEG-CIUDAD-CIUDAD-45-N-FUERA	RESULT-ENSU-DICTAMEN-C01-INSEG-CIUDAD-CIUDAD-45-DELTA-PP	RESULT-ENSU-DICTAMEN-C01-INSEG-CIUDAD-CIUDAD-45-OLA-INI	RESULT-ENSU-DICTAMEN-C01-INSEG-CIUDAD-CIUDAD-45-OLA-FIN	RESULT-ENSU-DICTAMEN-C01-INSEG-CIUDAD-CIUDAD-45-N-CAMBIO-DOCUMENTADO
C01-INSEG-CIUDAD	CIUDAD	46	RESULT-ENSU-DICTAMEN-C01-INSEG-CIUDAD-CIUDAD-46-DICTAMEN	RESULT-ENSU-DICTAMEN-C01-INSEG-CIUDAD-CIUDAD-46-DIRECCION	RESULT-ENSU-DICTAMEN-C01-INSEG-CIUDAD-CIUDAD-46-K	RESULT-ENSU-DICTAMEN-C01-INSEG-CIUDAD-CIUDAD-46-N-FUERA	RESULT-ENSU-DICTAMEN-C01-INSEG-CIUDAD-CIUDAD-46-DELTA-PP	RESULT-ENSU-DICTAMEN-C01-INSEG-CIUDAD-CIUDAD-46-OLA-INI	RESULT-ENSU-DICTAMEN-C01-INSEG-CIUDAD-CIUDAD-46-OLA-FIN	RESULT-ENSU-DICTAMEN-C01-INSEG-CIUDAD-CIUDAD-46-N-CAMBIO-DOCUMENTADO
C01-INSEG-CIUDAD	CIUDAD	47	RESULT-ENSU-DICTAMEN-C01-INSEG-CIUDAD-CIUDAD-47-DICTAMEN	RESULT-ENSU-DICTAMEN-C01-INSEG-CIUDAD-CIUDAD-47-DIRECCION	RESULT-ENSU-DICTAMEN-C01-INSEG-CIUDAD-CIUDAD-47-K	RESULT-ENSU-DICTAMEN-C01-INSEG-CIUDAD-CIUDAD-47-N-FUERA	RESULT-ENSU-DICTAMEN-C01-INSEG-CIUDAD-CIUDAD-47-DELTA-PP	RESULT-ENSU-DICTAMEN-C01-INSEG-CIUDAD-CIUDAD-47-OLA-INI	RESULT-ENSU-DICTAMEN-C01-INSEG-CIUDAD-CIUDAD-47-OLA-FIN	RESULT-ENSU-DICTAMEN-C01-INSEG-CIUDAD-CIUDAD-47-N-CAMBIO-DOCUMENTADO
C01-INSEG-CIUDAD	CIUDAD	48	RESULT-ENSU-DICTAMEN-C01-INSEG-CIUDAD-CIUDAD-48-DICTAMEN	RESULT-ENSU-DICTAMEN-C01-INSEG-CIUDAD-CIUDAD-48-DIRECCION	RESULT-ENSU-DICTAMEN-C01-INSEG-CIUDAD-CIUDAD-48-K	RESULT-ENSU-DICTAMEN-C01-INSEG-CIUDAD-CIUDAD-48-N-FUERA	RESULT-ENSU-DICTAMEN-C01-INSEG-CIUDAD-CIUDAD-48-DELTA-PP	RESULT-ENSU-DICTAMEN-C01-INSEG-CIUDAD-CIUDAD-48-OLA-INI	RESULT-ENSU-DICTAMEN-C01-INSEG-CIUDAD-CIUDAD-48-OLA-FIN	RESULT-ENSU-DICTAMEN-C01-INSEG-CIUDAD-CIUDAD-48-N-CAMBIO-DOCUMENTADO
C01-INSEG-CIUDAD	CIUDAD	49	RESULT-ENSU-DICTAMEN-C01-INSEG-CIUDAD-CIUDAD-49-DICTAMEN	RESULT-ENSU-DICTAMEN-C01-INSEG-CIUDAD-CIUDAD-49-DIRECCION	RESULT-ENSU-DICTAMEN-C01-INSEG-CIUDAD-CIUDAD-49-K	RESULT-ENSU-DICTAMEN-C01-INSEG-CIUDAD-CIUDAD-49-N-FUERA	RESULT-ENSU-DICTAMEN-C01-INSEG-CIUDAD-CIUDAD-49-DELTA-PP	RESULT-ENSU-DICTAMEN-C01-INSEG-CIUDAD-CIUDAD-49-OLA-INI	RESULT-ENSU-DICTAMEN-C01-INSEG-CIUDAD-CIUDAD-49-OLA-FIN	RESULT-ENSU-DICTAMEN-C01-INSEG-CIUDAD-CIUDAD-49-N-CAMBIO-DOCUMENTADO
C01-INSEG-CIUDAD	CIUDAD	50	RESULT-ENSU-DICTAMEN-C01-INSEG-CIUDAD-CIUDAD-50-DICTAMEN	RESULT-ENSU-DICTAMEN-C01-INSEG-CIUDAD-CIUDAD-50-DIRECCION	RESULT-ENSU-DICTAMEN-C01-INSEG-CIUDAD-CIUDAD-50-K	RESULT-ENSU-DICTAMEN-C01-INSEG-CIUDAD-CIUDAD-50-N-FUERA	RESULT-ENSU-DICTAMEN-C01-INSEG-CIUDAD-CIUDAD-50-DELTA-PP	RESULT-ENSU-DICTAMEN-C01-INSEG-CIUDAD-CIUDAD-50-OLA-INI	RESULT-ENSU-DICTAMEN-C01-INSEG-CIUDAD-CIUDAD-50-OLA-FIN	RESULT-ENSU-DICTAMEN-C01-INSEG-CIUDAD-CIUDAD-50-N-CAMBIO-DOCUMENTADO
C01-INSEG-CIUDAD	CIUDAD	51	RESULT-ENSU-DICTAMEN-C01-INSEG-CIUDAD-CIUDAD-51-DICTAMEN	RESULT-ENSU-DICTAMEN-C01-INSEG-CIUDAD-CIUDAD-51-DIRECCION	RESULT-ENSU-DICTAMEN-C01-INSEG-CIUDAD-CIUDAD-51-K	RESULT-ENSU-DICTAMEN-C01-INSEG-CIUDAD-CIUDAD-51-N-FUERA	RESULT-ENSU-DICTAMEN-C01-INSEG-CIUDAD-CIUDAD-51-DELTA-PP	RESULT-ENSU-DICTAMEN-C01-INSEG-CIUDAD-CIUDAD-51-OLA-INI	RESULT-ENSU-DICTAMEN-C01-INSEG-CIUDAD-CIUDAD-51-OLA-FIN	RESULT-ENSU-DICTAMEN-C01-INSEG-CIUDAD-CIUDAD-51-N-CAMBIO-DOCUMENTADO
C01-INSEG-CIUDAD	CIUDAD	52	RESULT-ENSU-DICTAMEN-C01-INSEG-CIUDAD-CIUDAD-52-DICTAMEN	RESULT-ENSU-DICTAMEN-C01-INSEG-CIUDAD-CIUDAD-52-DIRECCION	RESULT-ENSU-DICTAMEN-C01-INSEG-CIUDAD-CIUDAD-52-K	RESULT-ENSU-DICTAMEN-C01-INSEG-CIUDAD-CIUDAD-52-N-FUERA	RESULT-ENSU-DICTAMEN-C01-INSEG-CIUDAD-CIUDAD-52-DELTA-PP	RESULT-ENSU-DICTAMEN-C01-INSEG-CIUDAD-CIUDAD-52-OLA-INI	RESULT-ENSU-DICTAMEN-C01-INSEG-CIUDAD-CIUDAD-52-OLA-FIN	RESULT-ENSU-DICTAMEN-C01-INSEG-CIUDAD-CIUDAD-52-N-CAMBIO-DOCUMENTADO
C01-INSEG-CIUDAD	CIUDAD	53	RESULT-ENSU-DICTAMEN-C01-INSEG-CIUDAD-CIUDAD-53-DICTAMEN	RESULT-ENSU-DICTAMEN-C01-INSEG-CIUDAD-CIUDAD-53-DIRECCION	RESULT-ENSU-DICTAMEN-C01-INSEG-CIUDAD-CIUDAD-53-K	RESULT-ENSU-DICTAMEN-C01-INSEG-CIUDAD-CIUDAD-53-N-FUERA	RESULT-ENSU-DICTAMEN-C01-INSEG-CIUDAD-CIUDAD-53-DELTA-PP	RESULT-ENSU-DICTAMEN-C01-INSEG-CIUDAD-CIUDAD-53-OLA-INI	RESULT-ENSU-DICTAMEN-C01-INSEG-CIUDAD-CIUDAD-53-OLA-FIN	RESULT-ENSU-DICTAMEN-C01-INSEG-CIUDAD-CIUDAD-53-N-CAMBIO-DOCUMENTADO
C01-INSEG-CIUDAD	CIUDAD	54	RESULT-ENSU-DICTAMEN-C01-INSEG-CIUDAD-CIUDAD-54-DICTAMEN	RESULT-ENSU-DICTAMEN-C01-INSEG-CIUDAD-CIUDAD-54-DIRECCION	RESULT-ENSU-DICTAMEN-C01-INSEG-CIUDAD-CIUDAD-54-K	RESULT-ENSU-DICTAMEN-C01-INSEG-CIUDAD-CIUDAD-54-N-FUERA	RESULT-ENSU-DICTAMEN-C01-INSEG-CIUDAD-CIUDAD-54-DELTA-PP	RESULT-ENSU-DICTAMEN-C01-INSEG-CIUDAD-CIUDAD-54-OLA-INI	RESULT-ENSU-DICTAMEN-C01-INSEG-CIUDAD-CIUDAD-54-OLA-FIN	RESULT-ENSU-DICTAMEN-C01-INSEG-CIUDAD-CIUDAD-54-N-CAMBIO-DOCUMENTADO
C01-INSEG-CIUDAD	CIUDAD	55	RESULT-ENSU-DICTAMEN-C01-INSEG-CIUDAD-CIUDAD-55-DICTAMEN	RESULT-ENSU-DICTAMEN-C01-INSEG-CIUDAD-CIUDAD-55-DIRECCION	RESULT-ENSU-DICTAMEN-C01-INSEG-CIUDAD-CIUDAD-55-K	RESULT-ENSU-DICTAMEN-C01-INSEG-CIUDAD-CIUDAD-55-N-FUERA	RESULT-ENSU-DICTAMEN-C01-INSEG-CIUDAD-CIUDAD-55-DELTA-PP	RESULT-ENSU-DICTAMEN-C01-INSEG-CIUDAD-CIUDAD-55-OLA-INI	RESULT-ENSU-DICTAMEN-C01-INSEG-CIUDAD-CIUDAD-55-OLA-FIN	RESULT-ENSU-DICTAMEN-C01-INSEG-CIUDAD-CIUDAD-55-N-CAMBIO-DOCUMENTADO
C01-INSEG-CIUDAD	CIUDAD	56	RESULT-ENSU-DICTAMEN-C01-INSEG-CIUDAD-CIUDAD-56-DICTAMEN	RESULT-ENSU-DICTAMEN-C01-INSEG-CIUDAD-CIUDAD-56-DIRECCION	RESULT-ENSU-DICTAMEN-C01-INSEG-CIUDAD-CIUDAD-56-K	RESULT-ENSU-DICTAMEN-C01-INSEG-CIUDAD-CIUDAD-56-N-FUERA	RESULT-ENSU-DICTAMEN-C01-INSEG-CIUDAD-CIUDAD-56-DELTA-PP	RESULT-ENSU-DICTAMEN-C01-INSEG-CIUDAD-CIUDAD-56-OLA-INI	RESULT-ENSU-DICTAMEN-C01-INSEG-CIUDAD-CIUDAD-56-OLA-FIN	RESULT-ENSU-DICTAMEN-C01-INSEG-CIUDAD-CIUDAD-56-N-CAMBIO-DOCUMENTADO
C01-INSEG-CIUDAD	CIUDAD	57	RESULT-ENSU-DICTAMEN-C01-INSEG-CIUDAD-CIUDAD-57-DICTAMEN	RESULT-ENSU-DICTAMEN-C01-INSEG-CIUDAD-CIUDAD-57-DIRECCION	RESULT-ENSU-DICTAMEN-C01-INSEG-CIUDAD-CIUDAD-57-K	RESULT-ENSU-DICTAMEN-C01-INSEG-CIUDAD-CIUDAD-57-N-FUERA	RESULT-ENSU-DICTAMEN-C01-INSEG-CIUDAD-CIUDAD-57-DELTA-PP	RESULT-ENSU-DICTAMEN-C01-INSEG-CIUDAD-CIUDAD-57-OLA-INI	RESULT-ENSU-DICTAMEN-C01-INSEG-CIUDAD-CIUDAD-57-OLA-FIN	RESULT-ENSU-DICTAMEN-C01-INSEG-CIUDAD-CIUDAD-57-N-CAMBIO-DOCUMENTADO
C01-INSEG-CIUDAD	CIUDAD	58	RESULT-ENSU-DICTAMEN-C01-INSEG-CIUDAD-CIUDAD-58-DICTAMEN	RESULT-ENSU-DICTAMEN-C01-INSEG-CIUDAD-CIUDAD-58-DIRECCION	RESULT-ENSU-DICTAMEN-C01-INSEG-CIUDAD-CIUDAD-58-K	RESULT-ENSU-DICTAMEN-C01-INSEG-CIUDAD-CIUDAD-58-N-FUERA	RESULT-ENSU-DICTAMEN-C01-INSEG-CIUDAD-CIUDAD-58-DELTA-PP	RESULT-ENSU-DICTAMEN-C01-INSEG-CIUDAD-CIUDAD-58-OLA-INI	RESULT-ENSU-DICTAMEN-C01-INSEG-CIUDAD-CIUDAD-58-OLA-FIN	RESULT-ENSU-DICTAMEN-C01-INSEG-CIUDAD-CIUDAD-58-N-CAMBIO-DOCUMENTADO
C01-INSEG-CIUDAD	CIUDAD	59	RESULT-ENSU-DICTAMEN-C01-INSEG-CIUDAD-CIUDAD-59-DICTAMEN	RESULT-ENSU-DICTAMEN-C01-INSEG-CIUDAD-CIUDAD-59-DIRECCION	RESULT-ENSU-DICTAMEN-C01-INSEG-CIUDAD-CIUDAD-59-K	RESULT-ENSU-DICTAMEN-C01-INSEG-CIUDAD-CIUDAD-59-N-FUERA	RESULT-ENSU-DICTAMEN-C01-INSEG-CIUDAD-CIUDAD-59-DELTA-PP	RESULT-ENSU-DICTAMEN-C01-INSEG-CIUDAD-CIUDAD-59-OLA-INI	RESULT-ENSU-DICTAMEN-C01-INSEG-CIUDAD-CIUDAD-59-OLA-FIN	RESULT-ENSU-DICTAMEN-C01-INSEG-CIUDAD-CIUDAD-59-N-CAMBIO-DOCUMENTADO
C01-INSEG-CIUDAD	CIUDAD	60	RESULT-ENSU-DICTAMEN-C01-INSEG-CIUDAD-CIUDAD-60-DICTAMEN	RESULT-ENSU-DICTAMEN-C01-INSEG-CIUDAD-CIUDAD-60-DIRECCION	RESULT-ENSU-DICTAMEN-C01-INSEG-CIUDAD-CIUDAD-60-K	RESULT-ENSU-DICTAMEN-C01-INSEG-CIUDAD-CIUDAD-60-N-FUERA	RESULT-ENSU-DICTAMEN-C01-INSEG-CIUDAD-CIUDAD-60-DELTA-PP	RESULT-ENSU-DICTAMEN-C01-INSEG-CIUDAD-CIUDAD-60-OLA-INI	RESULT-ENSU-DICTAMEN-C01-INSEG-CIUDAD-CIUDAD-60-OLA-FIN	RESULT-ENSU-DICTAMEN-C01-INSEG-CIUDAD-CIUDAD-60-N-CAMBIO-DOCUMENTADO
C01-INSEG-CIUDAD	CIUDAD	61	RESULT-ENSU-DICTAMEN-C01-INSEG-CIUDAD-CIUDAD-61-DICTAMEN	RESULT-ENSU-DICTAMEN-C01-INSEG-CIUDAD-CIUDAD-61-DIRECCION	RESULT-ENSU-DICTAMEN-C01-INSEG-CIUDAD-CIUDAD-61-K	RESULT-ENSU-DICTAMEN-C01-INSEG-CIUDAD-CIUDAD-61-N-FUERA	RESULT-ENSU-DICTAMEN-C01-INSEG-CIUDAD-CIUDAD-61-DELTA-PP	RESULT-ENSU-DICTAMEN-C01-INSEG-CIUDAD-CIUDAD-61-OLA-INI	RESULT-ENSU-DICTAMEN-C01-INSEG-CIUDAD-CIUDAD-61-OLA-FIN	RESULT-ENSU-DICTAMEN-C01-INSEG-CIUDAD-CIUDAD-61-N-CAMBIO-DOCUMENTADO
C01-INSEG-CIUDAD	CIUDAD	62	RESULT-ENSU-DICTAMEN-C01-INSEG-CIUDAD-CIUDAD-62-DICTAMEN	RESULT-ENSU-DICTAMEN-C01-INSEG-CIUDAD-CIUDAD-62-DIRECCION	RESULT-ENSU-DICTAMEN-C01-INSEG-CIUDAD-CIUDAD-62-K	RESULT-ENSU-DICTAMEN-C01-INSEG-CIUDAD-CIUDAD-62-N-FUERA	RESULT-ENSU-DICTAMEN-C01-INSEG-CIUDAD-CIUDAD-62-DELTA-PP	RESULT-ENSU-DICTAMEN-C01-INSEG-CIUDAD-CIUDAD-62-OLA-INI	RESULT-ENSU-DICTAMEN-C01-INSEG-CIUDAD-CIUDAD-62-OLA-FIN	RESULT-ENSU-DICTAMEN-C01-INSEG-CIUDAD-CIUDAD-62-N-CAMBIO-DOCUMENTADO
C01-INSEG-CIUDAD	CIUDAD	63	RESULT-ENSU-DICTAMEN-C01-INSEG-CIUDAD-CIUDAD-63-DICTAMEN	RESULT-ENSU-DICTAMEN-C01-INSEG-CIUDAD-CIUDAD-63-DIRECCION	RESULT-ENSU-DICTAMEN-C01-INSEG-CIUDAD-CIUDAD-63-K	RESULT-ENSU-DICTAMEN-C01-INSEG-CIUDAD-CIUDAD-63-N-FUERA	RESULT-ENSU-DICTAMEN-C01-INSEG-CIUDAD-CIUDAD-63-DELTA-PP	RESULT-ENSU-DICTAMEN-C01-INSEG-CIUDAD-CIUDAD-63-OLA-INI	RESULT-ENSU-DICTAMEN-C01-INSEG-CIUDAD-CIUDAD-63-OLA-FIN	RESULT-ENSU-DICTAMEN-C01-INSEG-CIUDAD-CIUDAD-63-N-CAMBIO-DOCUMENTADO
C01-INSEG-CIUDAD	CIUDAD	64	RESULT-ENSU-DICTAMEN-C01-INSEG-CIUDAD-CIUDAD-64-DICTAMEN	RESULT-ENSU-DICTAMEN-C01-INSEG-CIUDAD-CIUDAD-64-DIRECCION	RESULT-ENSU-DICTAMEN-C01-INSEG-CIUDAD-CIUDAD-64-K	RESULT-ENSU-DICTAMEN-C01-INSEG-CIUDAD-CIUDAD-64-N-FUERA	RESULT-ENSU-DICTAMEN-C01-INSEG-CIUDAD-CIUDAD-64-DELTA-PP	RESULT-ENSU-DICTAMEN-C01-INSEG-CIUDAD-CIUDAD-64-OLA-INI	RESULT-ENSU-DICTAMEN-C01-INSEG-CIUDAD-CIUDAD-64-OLA-FIN	RESULT-ENSU-DICTAMEN-C01-INSEG-CIUDAD-CIUDAD-64-N-CAMBIO-DOCUMENTADO
C01-INSEG-CIUDAD	CIUDAD	65	RESULT-ENSU-DICTAMEN-C01-INSEG-CIUDAD-CIUDAD-65-DICTAMEN	RESULT-ENSU-DICTAMEN-C01-INSEG-CIUDAD-CIUDAD-65-DIRECCION	RESULT-ENSU-DICTAMEN-C01-INSEG-CIUDAD-CIUDAD-65-K	RESULT-ENSU-DICTAMEN-C01-INSEG-CIUDAD-CIUDAD-65-N-FUERA	RESULT-ENSU-DICTAMEN-C01-INSEG-CIUDAD-CIUDAD-65-DELTA-PP	RESULT-ENSU-DICTAMEN-C01-INSEG-CIUDAD-CIUDAD-65-OLA-INI	RESULT-ENSU-DICTAMEN-C01-INSEG-CIUDAD-CIUDAD-65-OLA-FIN	RESULT-ENSU-DICTAMEN-C01-INSEG-CIUDAD-CIUDAD-65-N-CAMBIO-DOCUMENTADO
C01-INSEG-CIUDAD	CIUDAD	66	RESULT-ENSU-DICTAMEN-C01-INSEG-CIUDAD-CIUDAD-66-DICTAMEN	RESULT-ENSU-DICTAMEN-C01-INSEG-CIUDAD-CIUDAD-66-DIRECCION	RESULT-ENSU-DICTAMEN-C01-INSEG-CIUDAD-CIUDAD-66-K	RESULT-ENSU-DICTAMEN-C01-INSEG-CIUDAD-CIUDAD-66-N-FUERA	RESULT-ENSU-DICTAMEN-C01-INSEG-CIUDAD-CIUDAD-66-DELTA-PP	RESULT-ENSU-DICTAMEN-C01-INSEG-CIUDAD-CIUDAD-66-OLA-INI	RESULT-ENSU-DICTAMEN-C01-INSEG-CIUDAD-CIUDAD-66-OLA-FIN	RESULT-ENSU-DICTAMEN-C01-INSEG-CIUDAD-CIUDAD-66-N-CAMBIO-DOCUMENTADO
C01-INSEG-CIUDAD	CIUDAD	67	RESULT-ENSU-DICTAMEN-C01-INSEG-CIUDAD-CIUDAD-67-DICTAMEN	RESULT-ENSU-DICTAMEN-C01-INSEG-CIUDAD-CIUDAD-67-DIRECCION	RESULT-ENSU-DICTAMEN-C01-INSEG-CIUDAD-CIUDAD-67-K	RESULT-ENSU-DICTAMEN-C01-INSEG-CIUDAD-CIUDAD-67-N-FUERA	RESULT-ENSU-DICTAMEN-C01-INSEG-CIUDAD-CIUDAD-67-DELTA-PP	RESULT-ENSU-DICTAMEN-C01-INSEG-CIUDAD-CIUDAD-67-OLA-INI	RESULT-ENSU-DICTAMEN-C01-INSEG-CIUDAD-CIUDAD-67-OLA-FIN	RESULT-ENSU-DICTAMEN-C01-INSEG-CIUDAD-CIUDAD-67-N-CAMBIO-DOCUMENTADO
C01-INSEG-CIUDAD	CIUDAD	68	RESULT-ENSU-DICTAMEN-C01-INSEG-CIUDAD-CIUDAD-68-DICTAMEN	RESULT-ENSU-DICTAMEN-C01-INSEG-CIUDAD-CIUDAD-68-DIRECCION	RESULT-ENSU-DICTAMEN-C01-INSEG-CIUDAD-CIUDAD-68-K	RESULT-ENSU-DICTAMEN-C01-INSEG-CIUDAD-CIUDAD-68-N-FUERA	RESULT-ENSU-DICTAMEN-C01-INSEG-CIUDAD-CIUDAD-68-DELTA-PP	RESULT-ENSU-DICTAMEN-C01-INSEG-CIUDAD-CIUDAD-68-OLA-INI	RESULT-ENSU-DICTAMEN-C01-INSEG-CIUDAD-CIUDAD-68-OLA-FIN	RESULT-ENSU-DICTAMEN-C01-INSEG-CIUDAD-CIUDAD-68-N-CAMBIO-DOCUMENTADO
C01-INSEG-CIUDAD	CIUDAD	69	RESULT-ENSU-DICTAMEN-C01-INSEG-CIUDAD-CIUDAD-69-DICTAMEN	RESULT-ENSU-DICTAMEN-C01-INSEG-CIUDAD-CIUDAD-69-DIRECCION	RESULT-ENSU-DICTAMEN-C01-INSEG-CIUDAD-CIUDAD-69-K	RESULT-ENSU-DICTAMEN-C01-INSEG-CIUDAD-CIUDAD-69-N-FUERA	RESULT-ENSU-DICTAMEN-C01-INSEG-CIUDAD-CIUDAD-69-DELTA-PP	RESULT-ENSU-DICTAMEN-C01-INSEG-CIUDAD-CIUDAD-69-OLA-INI	RESULT-ENSU-DICTAMEN-C01-INSEG-CIUDAD-CIUDAD-69-OLA-FIN	RESULT-ENSU-DICTAMEN-C01-INSEG-CIUDAD-CIUDAD-69-N-CAMBIO-DOCUMENTADO
C01-INSEG-CIUDAD	CIUDAD	70	RESULT-ENSU-DICTAMEN-C01-INSEG-CIUDAD-CIUDAD-70-DICTAMEN	RESULT-ENSU-DICTAMEN-C01-INSEG-CIUDAD-CIUDAD-70-DIRECCION	RESULT-ENSU-DICTAMEN-C01-INSEG-CIUDAD-CIUDAD-70-K	RESULT-ENSU-DICTAMEN-C01-INSEG-CIUDAD-CIUDAD-70-N-FUERA	RESULT-ENSU-DICTAMEN-C01-INSEG-CIUDAD-CIUDAD-70-DELTA-PP	RESULT-ENSU-DICTAMEN-C01-INSEG-CIUDAD-CIUDAD-70-OLA-INI	RESULT-ENSU-DICTAMEN-C01-INSEG-CIUDAD-CIUDAD-70-OLA-FIN	RESULT-ENSU-DICTAMEN-C01-INSEG-CIUDAD-CIUDAD-70-N-CAMBIO-DOCUMENTADO
C01-INSEG-CIUDAD	CIUDAD	71	RESULT-ENSU-DICTAMEN-C01-INSEG-CIUDAD-CIUDAD-71-DICTAMEN	RESULT-ENSU-DICTAMEN-C01-INSEG-CIUDAD-CIUDAD-71-DIRECCION	RESULT-ENSU-DICTAMEN-C01-INSEG-CIUDAD-CIUDAD-71-K	RESULT-ENSU-DICTAMEN-C01-INSEG-CIUDAD-CIUDAD-71-N-FUERA	RESULT-ENSU-DICTAMEN-C01-INSEG-CIUDAD-CIUDAD-71-DELTA-PP	RESULT-ENSU-DICTAMEN-C01-INSEG-CIUDAD-CIUDAD-71-OLA-INI	RESULT-ENSU-DICTAMEN-C01-INSEG-CIUDAD-CIUDAD-71-OLA-FIN	RESULT-ENSU-DICTAMEN-C01-INSEG-CIUDAD-CIUDAD-71-N-CAMBIO-DOCUMENTADO
C01-INSEG-CIUDAD	CIUDAD	72	RESULT-ENSU-DICTAMEN-C01-INSEG-CIUDAD-CIUDAD-72-DICTAMEN	RESULT-ENSU-DICTAMEN-C01-INSEG-CIUDAD-CIUDAD-72-DIRECCION	RESULT-ENSU-DICTAMEN-C01-INSEG-CIUDAD-CIUDAD-72-K	RESULT-ENSU-DICTAMEN-C01-INSEG-CIUDAD-CIUDAD-72-N-FUERA	RESULT-ENSU-DICTAMEN-C01-INSEG-CIUDAD-CIUDAD-72-DELTA-PP	RESULT-ENSU-DICTAMEN-C01-INSEG-CIUDAD-CIUDAD-72-OLA-INI	RESULT-ENSU-DICTAMEN-C01-INSEG-CIUDAD-CIUDAD-72-OLA-FIN	RESULT-ENSU-DICTAMEN-C01-INSEG-CIUDAD-CIUDAD-72-N-CAMBIO-DOCUMENTADO
C01-INSEG-CIUDAD	CIUDAD	73	RESULT-ENSU-DICTAMEN-C01-INSEG-CIUDAD-CIUDAD-73-DICTAMEN	RESULT-ENSU-DICTAMEN-C01-INSEG-CIUDAD-CIUDAD-73-DIRECCION	RESULT-ENSU-DICTAMEN-C01-INSEG-CIUDAD-CIUDAD-73-K	RESULT-ENSU-DICTAMEN-C01-INSEG-CIUDAD-CIUDAD-73-N-FUERA	RESULT-ENSU-DICTAMEN-C01-INSEG-CIUDAD-CIUDAD-73-DELTA-PP	RESULT-ENSU-DICTAMEN-C01-INSEG-CIUDAD-CIUDAD-73-OLA-INI	RESULT-ENSU-DICTAMEN-C01-INSEG-CIUDAD-CIUDAD-73-OLA-FIN	RESULT-ENSU-DICTAMEN-C01-INSEG-CIUDAD-CIUDAD-73-N-CAMBIO-DOCUMENTADO
C01-INSEG-CIUDAD	CIUDAD	74	RESULT-ENSU-DICTAMEN-C01-INSEG-CIUDAD-CIUDAD-74-DICTAMEN	RESULT-ENSU-DICTAMEN-C01-INSEG-CIUDAD-CIUDAD-74-DIRECCION	RESULT-ENSU-DICTAMEN-C01-INSEG-CIUDAD-CIUDAD-74-K	RESULT-ENSU-DICTAMEN-C01-INSEG-CIUDAD-CIUDAD-74-N-FUERA	RESULT-ENSU-DICTAMEN-C01-INSEG-CIUDAD-CIUDAD-74-DELTA-PP	RESULT-ENSU-DICTAMEN-C01-INSEG-CIUDAD-CIUDAD-74-OLA-INI	RESULT-ENSU-DICTAMEN-C01-INSEG-CIUDAD-CIUDAD-74-OLA-FIN	RESULT-ENSU-DICTAMEN-C01-INSEG-CIUDAD-CIUDAD-74-N-CAMBIO-DOCUMENTADO
C01-INSEG-CIUDAD	CIUDAD	75	RESULT-ENSU-DICTAMEN-C01-INSEG-CIUDAD-CIUDAD-75-DICTAMEN	RESULT-ENSU-DICTAMEN-C01-INSEG-CIUDAD-CIUDAD-75-DIRECCION	RESULT-ENSU-DICTAMEN-C01-INSEG-CIUDAD-CIUDAD-75-K	RESULT-ENSU-DICTAMEN-C01-INSEG-CIUDAD-CIUDAD-75-N-FUERA	RESULT-ENSU-DICTAMEN-C01-INSEG-CIUDAD-CIUDAD-75-DELTA-PP	RESULT-ENSU-DICTAMEN-C01-INSEG-CIUDAD-CIUDAD-75-OLA-INI	RESULT-ENSU-DICTAMEN-C01-INSEG-CIUDAD-CIUDAD-75-OLA-FIN	RESULT-ENSU-DICTAMEN-C01-INSEG-CIUDAD-CIUDAD-75-N-CAMBIO-DOCUMENTADO
C01-INSEG-CIUDAD	CIUDAD	76	RESULT-ENSU-DICTAMEN-C01-INSEG-CIUDAD-CIUDAD-76-DICTAMEN	RESULT-ENSU-DICTAMEN-C01-INSEG-CIUDAD-CIUDAD-76-DIRECCION	RESULT-ENSU-DICTAMEN-C01-INSEG-CIUDAD-CIUDAD-76-K	RESULT-ENSU-DICTAMEN-C01-INSEG-CIUDAD-CIUDAD-76-N-FUERA	RESULT-ENSU-DICTAMEN-C01-INSEG-CIUDAD-CIUDAD-76-DELTA-PP	RESULT-ENSU-DICTAMEN-C01-INSEG-CIUDAD-CIUDAD-76-OLA-INI	RESULT-ENSU-DICTAMEN-C01-INSEG-CIUDAD-CIUDAD-76-OLA-FIN	RESULT-ENSU-DICTAMEN-C01-INSEG-CIUDAD-CIUDAD-76-N-CAMBIO-DOCUMENTADO
C01-INSEG-CIUDAD	CIUDAD	77	RESULT-ENSU-DICTAMEN-C01-INSEG-CIUDAD-CIUDAD-77-DICTAMEN	RESULT-ENSU-DICTAMEN-C01-INSEG-CIUDAD-CIUDAD-77-DIRECCION	RESULT-ENSU-DICTAMEN-C01-INSEG-CIUDAD-CIUDAD-77-K	RESULT-ENSU-DICTAMEN-C01-INSEG-CIUDAD-CIUDAD-77-N-FUERA	RESULT-ENSU-DICTAMEN-C01-INSEG-CIUDAD-CIUDAD-77-DELTA-PP	RESULT-ENSU-DICTAMEN-C01-INSEG-CIUDAD-CIUDAD-77-OLA-INI	RESULT-ENSU-DICTAMEN-C01-INSEG-CIUDAD-CIUDAD-77-OLA-FIN	RESULT-ENSU-DICTAMEN-C01-INSEG-CIUDAD-CIUDAD-77-N-CAMBIO-DOCUMENTADO
C01-INSEG-CIUDAD	CIUDAD	78	RESULT-ENSU-DICTAMEN-C01-INSEG-CIUDAD-CIUDAD-78-DICTAMEN	RESULT-ENSU-DICTAMEN-C01-INSEG-CIUDAD-CIUDAD-78-DIRECCION	RESULT-ENSU-DICTAMEN-C01-INSEG-CIUDAD-CIUDAD-78-K	RESULT-ENSU-DICTAMEN-C01-INSEG-CIUDAD-CIUDAD-78-N-FUERA	RESULT-ENSU-DICTAMEN-C01-INSEG-CIUDAD-CIUDAD-78-DELTA-PP	RESULT-ENSU-DICTAMEN-C01-INSEG-CIUDAD-CIUDAD-78-OLA-INI	RESULT-ENSU-DICTAMEN-C01-INSEG-CIUDAD-CIUDAD-78-OLA-FIN	RESULT-ENSU-DICTAMEN-C01-INSEG-CIUDAD-CIUDAD-78-N-CAMBIO-DOCUMENTADO
C01-INSEG-CIUDAD	CIUDAD	79	RESULT-ENSU-DICTAMEN-C01-INSEG-CIUDAD-CIUDAD-79-DICTAMEN	RESULT-ENSU-DICTAMEN-C01-INSEG-CIUDAD-CIUDAD-79-DIRECCION	RESULT-ENSU-DICTAMEN-C01-INSEG-CIUDAD-CIUDAD-79-K	RESULT-ENSU-DICTAMEN-C01-INSEG-CIUDAD-CIUDAD-79-N-FUERA	RESULT-ENSU-DICTAMEN-C01-INSEG-CIUDAD-CIUDAD-79-DELTA-PP	RESULT-ENSU-DICTAMEN-C01-INSEG-CIUDAD-CIUDAD-79-OLA-INI	RESULT-ENSU-DICTAMEN-C01-INSEG-CIUDAD-CIUDAD-79-OLA-FIN	RESULT-ENSU-DICTAMEN-C01-INSEG-CIUDAD-CIUDAD-79-N-CAMBIO-DOCUMENTADO
C01-INSEG-CIUDAD	CIUDAD	80	RESULT-ENSU-DICTAMEN-C01-INSEG-CIUDAD-CIUDAD-80-DICTAMEN	RESULT-ENSU-DICTAMEN-C01-INSEG-CIUDAD-CIUDAD-80-DIRECCION	RESULT-ENSU-DICTAMEN-C01-INSEG-CIUDAD-CIUDAD-80-K	RESULT-ENSU-DICTAMEN-C01-INSEG-CIUDAD-CIUDAD-80-N-FUERA	RESULT-ENSU-DICTAMEN-C01-INSEG-CIUDAD-CIUDAD-80-DELTA-PP	RESULT-ENSU-DICTAMEN-C01-INSEG-CIUDAD-CIUDAD-80-OLA-INI	RESULT-ENSU-DICTAMEN-C01-INSEG-CIUDAD-CIUDAD-80-OLA-FIN	RESULT-ENSU-DICTAMEN-C01-INSEG-CIUDAD-CIUDAD-80-N-CAMBIO-DOCUMENTADO
C01-INSEG-CIUDAD	CIUDAD	81	RESULT-ENSU-DICTAMEN-C01-INSEG-CIUDAD-CIUDAD-81-DICTAMEN	RESULT-ENSU-DICTAMEN-C01-INSEG-CIUDAD-CIUDAD-81-DIRECCION	RESULT-ENSU-DICTAMEN-C01-INSEG-CIUDAD-CIUDAD-81-K	RESULT-ENSU-DICTAMEN-C01-INSEG-CIUDAD-CIUDAD-81-N-FUERA	RESULT-ENSU-DICTAMEN-C01-INSEG-CIUDAD-CIUDAD-81-DELTA-PP	RESULT-ENSU-DICTAMEN-C01-INSEG-CIUDAD-CIUDAD-81-OLA-INI	RESULT-ENSU-DICTAMEN-C01-INSEG-CIUDAD-CIUDAD-81-OLA-FIN	RESULT-ENSU-DICTAMEN-C01-INSEG-CIUDAD-CIUDAD-81-N-CAMBIO-DOCUMENTADO
C01-INSEG-CIUDAD	CIUDAD	82	RESULT-ENSU-DICTAMEN-C01-INSEG-CIUDAD-CIUDAD-82-DICTAMEN	RESULT-ENSU-DICTAMEN-C01-INSEG-CIUDAD-CIUDAD-82-DIRECCION	RESULT-ENSU-DICTAMEN-C01-INSEG-CIUDAD-CIUDAD-82-K	RESULT-ENSU-DICTAMEN-C01-INSEG-CIUDAD-CIUDAD-82-N-FUERA	RESULT-ENSU-DICTAMEN-C01-INSEG-CIUDAD-CIUDAD-82-DELTA-PP	RESULT-ENSU-DICTAMEN-C01-INSEG-CIUDAD-CIUDAD-82-OLA-INI	RESULT-ENSU-DICTAMEN-C01-INSEG-CIUDAD-CIUDAD-82-OLA-FIN	RESULT-ENSU-DICTAMEN-C01-INSEG-CIUDAD-CIUDAD-82-N-CAMBIO-DOCUMENTADO
C01-INSEG-CIUDAD	CIUDAD	83	RESULT-ENSU-DICTAMEN-C01-INSEG-CIUDAD-CIUDAD-83-DICTAMEN	RESULT-ENSU-DICTAMEN-C01-INSEG-CIUDAD-CIUDAD-83-DIRECCION	RESULT-ENSU-DICTAMEN-C01-INSEG-CIUDAD-CIUDAD-83-K	RESULT-ENSU-DICTAMEN-C01-INSEG-CIUDAD-CIUDAD-83-N-FUERA	RESULT-ENSU-DICTAMEN-C01-INSEG-CIUDAD-CIUDAD-83-DELTA-PP	RESULT-ENSU-DICTAMEN-C01-INSEG-CIUDAD-CIUDAD-83-OLA-INI	RESULT-ENSU-DICTAMEN-C01-INSEG-CIUDAD-CIUDAD-83-OLA-FIN	RESULT-ENSU-DICTAMEN-C01-INSEG-CIUDAD-CIUDAD-83-N-CAMBIO-DOCUMENTADO
C01-INSEG-CIUDAD	CIUDAD	84	RESULT-ENSU-DICTAMEN-C01-INSEG-CIUDAD-CIUDAD-84-DICTAMEN	RESULT-ENSU-DICTAMEN-C01-INSEG-CIUDAD-CIUDAD-84-DIRECCION	RESULT-ENSU-DICTAMEN-C01-INSEG-CIUDAD-CIUDAD-84-K	RESULT-ENSU-DICTAMEN-C01-INSEG-CIUDAD-CIUDAD-84-N-FUERA	RESULT-ENSU-DICTAMEN-C01-INSEG-CIUDAD-CIUDAD-84-DELTA-PP	RESULT-ENSU-DICTAMEN-C01-INSEG-CIUDAD-CIUDAD-84-OLA-INI	RESULT-ENSU-DICTAMEN-C01-INSEG-CIUDAD-CIUDAD-84-OLA-FIN	RESULT-ENSU-DICTAMEN-C01-INSEG-CIUDAD-CIUDAD-84-N-CAMBIO-DOCUMENTADO
C01-INSEG-CIUDAD	CIUDAD	85	RESULT-ENSU-DICTAMEN-C01-INSEG-CIUDAD-CIUDAD-85-DICTAMEN	RESULT-ENSU-DICTAMEN-C01-INSEG-CIUDAD-CIUDAD-85-DIRECCION	RESULT-ENSU-DICTAMEN-C01-INSEG-CIUDAD-CIUDAD-85-K	RESULT-ENSU-DICTAMEN-C01-INSEG-CIUDAD-CIUDAD-85-N-FUERA	RESULT-ENSU-DICTAMEN-C01-INSEG-CIUDAD-CIUDAD-85-DELTA-PP	RESULT-ENSU-DICTAMEN-C01-INSEG-CIUDAD-CIUDAD-85-OLA-INI	RESULT-ENSU-DICTAMEN-C01-INSEG-CIUDAD-CIUDAD-85-OLA-FIN	RESULT-ENSU-DICTAMEN-C01-INSEG-CIUDAD-CIUDAD-85-N-CAMBIO-DOCUMENTADO
C01-INSEG-CIUDAD	CIUDAD	86	RESULT-ENSU-DICTAMEN-C01-INSEG-CIUDAD-CIUDAD-86-DICTAMEN	RESULT-ENSU-DICTAMEN-C01-INSEG-CIUDAD-CIUDAD-86-DIRECCION	RESULT-ENSU-DICTAMEN-C01-INSEG-CIUDAD-CIUDAD-86-K	RESULT-ENSU-DICTAMEN-C01-INSEG-CIUDAD-CIUDAD-86-N-FUERA	RESULT-ENSU-DICTAMEN-C01-INSEG-CIUDAD-CIUDAD-86-DELTA-PP	RESULT-ENSU-DICTAMEN-C01-INSEG-CIUDAD-CIUDAD-86-OLA-INI	RESULT-ENSU-DICTAMEN-C01-INSEG-CIUDAD-CIUDAD-86-OLA-FIN	RESULT-ENSU-DICTAMEN-C01-INSEG-CIUDAD-CIUDAD-86-N-CAMBIO-DOCUMENTADO
C01-INSEG-CIUDAD	CIUDAD	87	RESULT-ENSU-DICTAMEN-C01-INSEG-CIUDAD-CIUDAD-87-DICTAMEN	RESULT-ENSU-DICTAMEN-C01-INSEG-CIUDAD-CIUDAD-87-DIRECCION	RESULT-ENSU-DICTAMEN-C01-INSEG-CIUDAD-CIUDAD-87-K	RESULT-ENSU-DICTAMEN-C01-INSEG-CIUDAD-CIUDAD-87-N-FUERA	RESULT-ENSU-DICTAMEN-C01-INSEG-CIUDAD-CIUDAD-87-DELTA-PP	RESULT-ENSU-DICTAMEN-C01-INSEG-CIUDAD-CIUDAD-87-OLA-INI	RESULT-ENSU-DICTAMEN-C01-INSEG-CIUDAD-CIUDAD-87-OLA-FIN	RESULT-ENSU-DICTAMEN-C01-INSEG-CIUDAD-CIUDAD-87-N-CAMBIO-DOCUMENTADO
C01-INSEG-CIUDAD	CIUDAD	88	RESULT-ENSU-DICTAMEN-C01-INSEG-CIUDAD-CIUDAD-88-DICTAMEN	RESULT-ENSU-DICTAMEN-C01-INSEG-CIUDAD-CIUDAD-88-DIRECCION	RESULT-ENSU-DICTAMEN-C01-INSEG-CIUDAD-CIUDAD-88-K	RESULT-ENSU-DICTAMEN-C01-INSEG-CIUDAD-CIUDAD-88-N-FUERA	RESULT-ENSU-DICTAMEN-C01-INSEG-CIUDAD-CIUDAD-88-DELTA-PP	RESULT-ENSU-DICTAMEN-C01-INSEG-CIUDAD-CIUDAD-88-OLA-INI	RESULT-ENSU-DICTAMEN-C01-INSEG-CIUDAD-CIUDAD-88-OLA-FIN	RESULT-ENSU-DICTAMEN-C01-INSEG-CIUDAD-CIUDAD-88-N-CAMBIO-DOCUMENTADO
C01-INSEG-CIUDAD	CIUDAD	89	RESULT-ENSU-DICTAMEN-C01-INSEG-CIUDAD-CIUDAD-89-DICTAMEN	RESULT-ENSU-DICTAMEN-C01-INSEG-CIUDAD-CIUDAD-89-DIRECCION	RESULT-ENSU-DICTAMEN-C01-INSEG-CIUDAD-CIUDAD-89-K	RESULT-ENSU-DICTAMEN-C01-INSEG-CIUDAD-CIUDAD-89-N-FUERA	RESULT-ENSU-DICTAMEN-C01-INSEG-CIUDAD-CIUDAD-89-DELTA-PP	RESULT-ENSU-DICTAMEN-C01-INSEG-CIUDAD-CIUDAD-89-OLA-INI	RESULT-ENSU-DICTAMEN-C01-INSEG-CIUDAD-CIUDAD-89-OLA-FIN	RESULT-ENSU-DICTAMEN-C01-INSEG-CIUDAD-CIUDAD-89-N-CAMBIO-DOCUMENTADO
C01-INSEG-CIUDAD	CIUDAD	90	RESULT-ENSU-DICTAMEN-C01-INSEG-CIUDAD-CIUDAD-90-DICTAMEN	RESULT-ENSU-DICTAMEN-C01-INSEG-CIUDAD-CIUDAD-90-DIRECCION	RESULT-ENSU-DICTAMEN-C01-INSEG-CIUDAD-CIUDAD-90-K	RESULT-ENSU-DICTAMEN-C01-INSEG-CIUDAD-CIUDAD-90-N-FUERA	RESULT-ENSU-DICTAMEN-C01-INSEG-CIUDAD-CIUDAD-90-DELTA-PP	RESULT-ENSU-DICTAMEN-C01-INSEG-CIUDAD-CIUDAD-90-OLA-INI	RESULT-ENSU-DICTAMEN-C01-INSEG-CIUDAD-CIUDAD-90-OLA-FIN	RESULT-ENSU-DICTAMEN-C01-INSEG-CIUDAD-CIUDAD-90-N-CAMBIO-DOCUMENTADO
C01-INSEG-CIUDAD	CIUDAD	91	RESULT-ENSU-DICTAMEN-C01-INSEG-CIUDAD-CIUDAD-91-DICTAMEN	RESULT-ENSU-DICTAMEN-C01-INSEG-CIUDAD-CIUDAD-91-DIRECCION	RESULT-ENSU-DICTAMEN-C01-INSEG-CIUDAD-CIUDAD-91-K	RESULT-ENSU-DICTAMEN-C01-INSEG-CIUDAD-CIUDAD-91-N-FUERA	RESULT-ENSU-DICTAMEN-C01-INSEG-CIUDAD-CIUDAD-91-DELTA-PP	RESULT-ENSU-DICTAMEN-C01-INSEG-CIUDAD-CIUDAD-91-OLA-INI	RESULT-ENSU-DICTAMEN-C01-INSEG-CIUDAD-CIUDAD-91-OLA-FIN	RESULT-ENSU-DICTAMEN-C01-INSEG-CIUDAD-CIUDAD-91-N-CAMBIO-DOCUMENTADO
C01-INSEG-CIUDAD	CIUDAD	92	RESULT-ENSU-DICTAMEN-C01-INSEG-CIUDAD-CIUDAD-92-DICTAMEN	RESULT-ENSU-DICTAMEN-C01-INSEG-CIUDAD-CIUDAD-92-DIRECCION	RESULT-ENSU-DICTAMEN-C01-INSEG-CIUDAD-CIUDAD-92-K	RESULT-ENSU-DICTAMEN-C01-INSEG-CIUDAD-CIUDAD-92-N-FUERA	RESULT-ENSU-DICTAMEN-C01-INSEG-CIUDAD-CIUDAD-92-DELTA-PP	RESULT-ENSU-DICTAMEN-C01-INSEG-CIUDAD-CIUDAD-92-OLA-INI	RESULT-ENSU-DICTAMEN-C01-INSEG-CIUDAD-CIUDAD-92-OLA-FIN	RESULT-ENSU-DICTAMEN-C01-INSEG-CIUDAD-CIUDAD-92-N-CAMBIO-DOCUMENTADO
C01-INSEG-CIUDAD	CIUDAD	93	RESULT-ENSU-DICTAMEN-C01-INSEG-CIUDAD-CIUDAD-93-DICTAMEN	RESULT-ENSU-DICTAMEN-C01-INSEG-CIUDAD-CIUDAD-93-DIRECCION	RESULT-ENSU-DICTAMEN-C01-INSEG-CIUDAD-CIUDAD-93-K	RESULT-ENSU-DICTAMEN-C01-INSEG-CIUDAD-CIUDAD-93-N-FUERA	RESULT-ENSU-DICTAMEN-C01-INSEG-CIUDAD-CIUDAD-93-DELTA-PP	RESULT-ENSU-DICTAMEN-C01-INSEG-CIUDAD-CIUDAD-93-OLA-INI	RESULT-ENSU-DICTAMEN-C01-INSEG-CIUDAD-CIUDAD-93-OLA-FIN	RESULT-ENSU-DICTAMEN-C01-INSEG-CIUDAD-CIUDAD-93-N-CAMBIO-DOCUMENTADO
C01-INSEG-CIUDAD	CIUDAD	94	RESULT-ENSU-DICTAMEN-C01-INSEG-CIUDAD-CIUDAD-94-DICTAMEN	RESULT-ENSU-DICTAMEN-C01-INSEG-CIUDAD-CIUDAD-94-DIRECCION	RESULT-ENSU-DICTAMEN-C01-INSEG-CIUDAD-CIUDAD-94-K	RESULT-ENSU-DICTAMEN-C01-INSEG-CIUDAD-CIUDAD-94-N-FUERA	RESULT-ENSU-DICTAMEN-C01-INSEG-CIUDAD-CIUDAD-94-DELTA-PP	RESULT-ENSU-DICTAMEN-C01-INSEG-CIUDAD-CIUDAD-94-OLA-INI	RESULT-ENSU-DICTAMEN-C01-INSEG-CIUDAD-CIUDAD-94-OLA-FIN	RESULT-ENSU-DICTAMEN-C01-INSEG-CIUDAD-CIUDAD-94-N-CAMBIO-DOCUMENTADO
C01-INSEG-CIUDAD	CIUDAD	95	RESULT-ENSU-DICTAMEN-C01-INSEG-CIUDAD-CIUDAD-95-DICTAMEN	RESULT-ENSU-DICTAMEN-C01-INSEG-CIUDAD-CIUDAD-95-DIRECCION	RESULT-ENSU-DICTAMEN-C01-INSEG-CIUDAD-CIUDAD-95-K	RESULT-ENSU-DICTAMEN-C01-INSEG-CIUDAD-CIUDAD-95-N-FUERA	RESULT-ENSU-DICTAMEN-C01-INSEG-CIUDAD-CIUDAD-95-DELTA-PP	RESULT-ENSU-DICTAMEN-C01-INSEG-CIUDAD-CIUDAD-95-OLA-INI	RESULT-ENSU-DICTAMEN-C01-INSEG-CIUDAD-CIUDAD-95-OLA-FIN	RESULT-ENSU-DICTAMEN-C01-INSEG-CIUDAD-CIUDAD-95-N-CAMBIO-DOCUMENTADO
C01-INSEG-CIUDAD	CIUDAD	96	RESULT-ENSU-DICTAMEN-C01-INSEG-CIUDAD-CIUDAD-96-DICTAMEN	RESULT-ENSU-DICTAMEN-C01-INSEG-CIUDAD-CIUDAD-96-DIRECCION	RESULT-ENSU-DICTAMEN-C01-INSEG-CIUDAD-CIUDAD-96-K	RESULT-ENSU-DICTAMEN-C01-INSEG-CIUDAD-CIUDAD-96-N-FUERA	RESULT-ENSU-DICTAMEN-C01-INSEG-CIUDAD-CIUDAD-96-DELTA-PP	RESULT-ENSU-DICTAMEN-C01-INSEG-CIUDAD-CIUDAD-96-OLA-INI	RESULT-ENSU-DICTAMEN-C01-INSEG-CIUDAD-CIUDAD-96-OLA-FIN	RESULT-ENSU-DICTAMEN-C01-INSEG-CIUDAD-CIUDAD-96-N-CAMBIO-DOCUMENTADO
C01-INSEG-CIUDAD	EDAD	18-29	RESULT-ENSU-DICTAMEN-C01-INSEG-CIUDAD-EDAD-18-29-DICTAMEN	RESULT-ENSU-DICTAMEN-C01-INSEG-CIUDAD-EDAD-18-29-DIRECCION	RESULT-ENSU-DICTAMEN-C01-INSEG-CIUDAD-EDAD-18-29-K	RESULT-ENSU-DICTAMEN-C01-INSEG-CIUDAD-EDAD-18-29-N-FUERA	RESULT-ENSU-DICTAMEN-C01-INSEG-CIUDAD-EDAD-18-29-DELTA-PP	RESULT-ENSU-DICTAMEN-C01-INSEG-CIUDAD-EDAD-18-29-OLA-INI	RESULT-ENSU-DICTAMEN-C01-INSEG-CIUDAD-EDAD-18-29-OLA-FIN	RESULT-ENSU-DICTAMEN-C01-INSEG-CIUDAD-EDAD-18-29-N-CAMBIO-DOCUMENTADO
C01-INSEG-CIUDAD	EDAD	30-44	RESULT-ENSU-DICTAMEN-C01-INSEG-CIUDAD-EDAD-30-44-DICTAMEN	RESULT-ENSU-DICTAMEN-C01-INSEG-CIUDAD-EDAD-30-44-DIRECCION	RESULT-ENSU-DICTAMEN-C01-INSEG-CIUDAD-EDAD-30-44-K	RESULT-ENSU-DICTAMEN-C01-INSEG-CIUDAD-EDAD-30-44-N-FUERA	RESULT-ENSU-DICTAMEN-C01-INSEG-CIUDAD-EDAD-30-44-DELTA-PP	RESULT-ENSU-DICTAMEN-C01-INSEG-CIUDAD-EDAD-30-44-OLA-INI	RESULT-ENSU-DICTAMEN-C01-INSEG-CIUDAD-EDAD-30-44-OLA-FIN	RESULT-ENSU-DICTAMEN-C01-INSEG-CIUDAD-EDAD-30-44-N-CAMBIO-DOCUMENTADO
C01-INSEG-CIUDAD	EDAD	45-59	RESULT-ENSU-DICTAMEN-C01-INSEG-CIUDAD-EDAD-45-59-DICTAMEN	RESULT-ENSU-DICTAMEN-C01-INSEG-CIUDAD-EDAD-45-59-DIRECCION	RESULT-ENSU-DICTAMEN-C01-INSEG-CIUDAD-EDAD-45-59-K	RESULT-ENSU-DICTAMEN-C01-INSEG-CIUDAD-EDAD-45-59-N-FUERA	RESULT-ENSU-DICTAMEN-C01-INSEG-CIUDAD-EDAD-45-59-DELTA-PP	RESULT-ENSU-DICTAMEN-C01-INSEG-CIUDAD-EDAD-45-59-OLA-INI	RESULT-ENSU-DICTAMEN-C01-INSEG-CIUDAD-EDAD-45-59-OLA-FIN	RESULT-ENSU-DICTAMEN-C01-INSEG-CIUDAD-EDAD-45-59-N-CAMBIO-DOCUMENTADO
C01-INSEG-CIUDAD	EDAD	60-MAS	RESULT-ENSU-DICTAMEN-C01-INSEG-CIUDAD-EDAD-60-MAS-DICTAMEN	RESULT-ENSU-DICTAMEN-C01-INSEG-CIUDAD-EDAD-60-MAS-DIRECCION	RESULT-ENSU-DICTAMEN-C01-INSEG-CIUDAD-EDAD-60-MAS-K	RESULT-ENSU-DICTAMEN-C01-INSEG-CIUDAD-EDAD-60-MAS-N-FUERA	RESULT-ENSU-DICTAMEN-C01-INSEG-CIUDAD-EDAD-60-MAS-DELTA-PP	RESULT-ENSU-DICTAMEN-C01-INSEG-CIUDAD-EDAD-60-MAS-OLA-INI	RESULT-ENSU-DICTAMEN-C01-INSEG-CIUDAD-EDAD-60-MAS-OLA-FIN	RESULT-ENSU-DICTAMEN-C01-INSEG-CIUDAD-EDAD-60-MAS-N-CAMBIO-DOCUMENTADO
C01-INSEG-CIUDAD	SEXO	HOMBRE	RESULT-ENSU-DICTAMEN-C01-INSEG-CIUDAD-SEXO-HOMBRE-DICTAMEN	RESULT-ENSU-DICTAMEN-C01-INSEG-CIUDAD-SEXO-HOMBRE-DIRECCION	RESULT-ENSU-DICTAMEN-C01-INSEG-CIUDAD-SEXO-HOMBRE-K	RESULT-ENSU-DICTAMEN-C01-INSEG-CIUDAD-SEXO-HOMBRE-N-FUERA	RESULT-ENSU-DICTAMEN-C01-INSEG-CIUDAD-SEXO-HOMBRE-DELTA-PP	RESULT-ENSU-DICTAMEN-C01-INSEG-CIUDAD-SEXO-HOMBRE-OLA-INI	RESULT-ENSU-DICTAMEN-C01-INSEG-CIUDAD-SEXO-HOMBRE-OLA-FIN	RESULT-ENSU-DICTAMEN-C01-INSEG-CIUDAD-SEXO-HOMBRE-N-CAMBIO-DOCUMENTADO
C01-INSEG-CIUDAD	SEXO	MUJER	RESULT-ENSU-DICTAMEN-C01-INSEG-CIUDAD-SEXO-MUJER-DICTAMEN	RESULT-ENSU-DICTAMEN-C01-INSEG-CIUDAD-SEXO-MUJER-DIRECCION	RESULT-ENSU-DICTAMEN-C01-INSEG-CIUDAD-SEXO-MUJER-K	RESULT-ENSU-DICTAMEN-C01-INSEG-CIUDAD-SEXO-MUJER-N-FUERA	RESULT-ENSU-DICTAMEN-C01-INSEG-CIUDAD-SEXO-MUJER-DELTA-PP	RESULT-ENSU-DICTAMEN-C01-INSEG-CIUDAD-SEXO-MUJER-OLA-INI	RESULT-ENSU-DICTAMEN-C01-INSEG-CIUDAD-SEXO-MUJER-OLA-FIN	RESULT-ENSU-DICTAMEN-C01-INSEG-CIUDAD-SEXO-MUJER-N-CAMBIO-DOCUMENTADO
C01-INSEG-CIUDAD	TOTAL	TODOS	RESULT-ENSU-DICTAMEN-C01-INSEG-CIUDAD-TOTAL-TODOS-DICTAMEN	RESULT-ENSU-DICTAMEN-C01-INSEG-CIUDAD-TOTAL-TODOS-DIRECCION	RESULT-ENSU-DICTAMEN-C01-INSEG-CIUDAD-TOTAL-TODOS-K	RESULT-ENSU-DICTAMEN-C01-INSEG-CIUDAD-TOTAL-TODOS-N-FUERA	RESULT-ENSU-DICTAMEN-C01-INSEG-CIUDAD-TOTAL-TODOS-DELTA-PP	RESULT-ENSU-DICTAMEN-C01-INSEG-CIUDAD-TOTAL-TODOS-OLA-INI	RESULT-ENSU-DICTAMEN-C01-INSEG-CIUDAD-TOTAL-TODOS-OLA-FIN	RESULT-ENSU-DICTAMEN-C01-INSEG-CIUDAD-TOTAL-TODOS-N-CAMBIO-DOCUMENTADO
C02-INSEG-CALLE	EDAD	18-29	RESULT-ENSU-DICTAMEN-C02-INSEG-CALLE-EDAD-18-29-DICTAMEN	RESULT-ENSU-DICTAMEN-C02-INSEG-CALLE-EDAD-18-29-DIRECCION	RESULT-ENSU-DICTAMEN-C02-INSEG-CALLE-EDAD-18-29-K	RESULT-ENSU-DICTAMEN-C02-INSEG-CALLE-EDAD-18-29-N-FUERA	RESULT-ENSU-DICTAMEN-C02-INSEG-CALLE-EDAD-18-29-DELTA-PP	RESULT-ENSU-DICTAMEN-C02-INSEG-CALLE-EDAD-18-29-OLA-INI	RESULT-ENSU-DICTAMEN-C02-INSEG-CALLE-EDAD-18-29-OLA-FIN	RESULT-ENSU-DICTAMEN-C02-INSEG-CALLE-EDAD-18-29-N-CAMBIO-DOCUMENTADO
C02-INSEG-CALLE	EDAD	30-44	RESULT-ENSU-DICTAMEN-C02-INSEG-CALLE-EDAD-30-44-DICTAMEN	RESULT-ENSU-DICTAMEN-C02-INSEG-CALLE-EDAD-30-44-DIRECCION	RESULT-ENSU-DICTAMEN-C02-INSEG-CALLE-EDAD-30-44-K	RESULT-ENSU-DICTAMEN-C02-INSEG-CALLE-EDAD-30-44-N-FUERA	RESULT-ENSU-DICTAMEN-C02-INSEG-CALLE-EDAD-30-44-DELTA-PP	RESULT-ENSU-DICTAMEN-C02-INSEG-CALLE-EDAD-30-44-OLA-INI	RESULT-ENSU-DICTAMEN-C02-INSEG-CALLE-EDAD-30-44-OLA-FIN	RESULT-ENSU-DICTAMEN-C02-INSEG-CALLE-EDAD-30-44-N-CAMBIO-DOCUMENTADO
C02-INSEG-CALLE	EDAD	45-59	RESULT-ENSU-DICTAMEN-C02-INSEG-CALLE-EDAD-45-59-DICTAMEN	RESULT-ENSU-DICTAMEN-C02-INSEG-CALLE-EDAD-45-59-DIRECCION	RESULT-ENSU-DICTAMEN-C02-INSEG-CALLE-EDAD-45-59-K	RESULT-ENSU-DICTAMEN-C02-INSEG-CALLE-EDAD-45-59-N-FUERA	RESULT-ENSU-DICTAMEN-C02-INSEG-CALLE-EDAD-45-59-DELTA-PP	RESULT-ENSU-DICTAMEN-C02-INSEG-CALLE-EDAD-45-59-OLA-INI	RESULT-ENSU-DICTAMEN-C02-INSEG-CALLE-EDAD-45-59-OLA-FIN	RESULT-ENSU-DICTAMEN-C02-INSEG-CALLE-EDAD-45-59-N-CAMBIO-DOCUMENTADO
C02-INSEG-CALLE	EDAD	60-MAS	RESULT-ENSU-DICTAMEN-C02-INSEG-CALLE-EDAD-60-MAS-DICTAMEN	RESULT-ENSU-DICTAMEN-C02-INSEG-CALLE-EDAD-60-MAS-DIRECCION	RESULT-ENSU-DICTAMEN-C02-INSEG-CALLE-EDAD-60-MAS-K	RESULT-ENSU-DICTAMEN-C02-INSEG-CALLE-EDAD-60-MAS-N-FUERA	RESULT-ENSU-DICTAMEN-C02-INSEG-CALLE-EDAD-60-MAS-DELTA-PP	RESULT-ENSU-DICTAMEN-C02-INSEG-CALLE-EDAD-60-MAS-OLA-INI	RESULT-ENSU-DICTAMEN-C02-INSEG-CALLE-EDAD-60-MAS-OLA-FIN	RESULT-ENSU-DICTAMEN-C02-INSEG-CALLE-EDAD-60-MAS-N-CAMBIO-DOCUMENTADO
C02-INSEG-CALLE	SEXO	HOMBRE	RESULT-ENSU-DICTAMEN-C02-INSEG-CALLE-SEXO-HOMBRE-DICTAMEN	RESULT-ENSU-DICTAMEN-C02-INSEG-CALLE-SEXO-HOMBRE-DIRECCION	RESULT-ENSU-DICTAMEN-C02-INSEG-CALLE-SEXO-HOMBRE-K	RESULT-ENSU-DICTAMEN-C02-INSEG-CALLE-SEXO-HOMBRE-N-FUERA	RESULT-ENSU-DICTAMEN-C02-INSEG-CALLE-SEXO-HOMBRE-DELTA-PP	RESULT-ENSU-DICTAMEN-C02-INSEG-CALLE-SEXO-HOMBRE-OLA-INI	RESULT-ENSU-DICTAMEN-C02-INSEG-CALLE-SEXO-HOMBRE-OLA-FIN	RESULT-ENSU-DICTAMEN-C02-INSEG-CALLE-SEXO-HOMBRE-N-CAMBIO-DOCUMENTADO
C02-INSEG-CALLE	SEXO	MUJER	RESULT-ENSU-DICTAMEN-C02-INSEG-CALLE-SEXO-MUJER-DICTAMEN	RESULT-ENSU-DICTAMEN-C02-INSEG-CALLE-SEXO-MUJER-DIRECCION	RESULT-ENSU-DICTAMEN-C02-INSEG-CALLE-SEXO-MUJER-K	RESULT-ENSU-DICTAMEN-C02-INSEG-CALLE-SEXO-MUJER-N-FUERA	RESULT-ENSU-DICTAMEN-C02-INSEG-CALLE-SEXO-MUJER-DELTA-PP	RESULT-ENSU-DICTAMEN-C02-INSEG-CALLE-SEXO-MUJER-OLA-INI	RESULT-ENSU-DICTAMEN-C02-INSEG-CALLE-SEXO-MUJER-OLA-FIN	RESULT-ENSU-DICTAMEN-C02-INSEG-CALLE-SEXO-MUJER-N-CAMBIO-DOCUMENTADO
C02-INSEG-CALLE	TOTAL	TODOS	RESULT-ENSU-DICTAMEN-C02-INSEG-CALLE-TOTAL-TODOS-DICTAMEN	RESULT-ENSU-DICTAMEN-C02-INSEG-CALLE-TOTAL-TODOS-DIRECCION	RESULT-ENSU-DICTAMEN-C02-INSEG-CALLE-TOTAL-TODOS-K	RESULT-ENSU-DICTAMEN-C02-INSEG-CALLE-TOTAL-TODOS-N-FUERA	RESULT-ENSU-DICTAMEN-C02-INSEG-CALLE-TOTAL-TODOS-DELTA-PP	RESULT-ENSU-DICTAMEN-C02-INSEG-CALLE-TOTAL-TODOS-OLA-INI	RESULT-ENSU-DICTAMEN-C02-INSEG-CALLE-TOTAL-TODOS-OLA-FIN	RESULT-ENSU-DICTAMEN-C02-INSEG-CALLE-TOTAL-TODOS-N-CAMBIO-DOCUMENTADO
C03-INSEG-CAJERO	EDAD	18-29	RESULT-ENSU-DICTAMEN-C03-INSEG-CAJERO-EDAD-18-29-DICTAMEN	RESULT-ENSU-DICTAMEN-C03-INSEG-CAJERO-EDAD-18-29-DIRECCION	RESULT-ENSU-DICTAMEN-C03-INSEG-CAJERO-EDAD-18-29-K	RESULT-ENSU-DICTAMEN-C03-INSEG-CAJERO-EDAD-18-29-N-FUERA	RESULT-ENSU-DICTAMEN-C03-INSEG-CAJERO-EDAD-18-29-DELTA-PP	RESULT-ENSU-DICTAMEN-C03-INSEG-CAJERO-EDAD-18-29-OLA-INI	RESULT-ENSU-DICTAMEN-C03-INSEG-CAJERO-EDAD-18-29-OLA-FIN	RESULT-ENSU-DICTAMEN-C03-INSEG-CAJERO-EDAD-18-29-N-CAMBIO-DOCUMENTADO
C03-INSEG-CAJERO	EDAD	30-44	RESULT-ENSU-DICTAMEN-C03-INSEG-CAJERO-EDAD-30-44-DICTAMEN	RESULT-ENSU-DICTAMEN-C03-INSEG-CAJERO-EDAD-30-44-DIRECCION	RESULT-ENSU-DICTAMEN-C03-INSEG-CAJERO-EDAD-30-44-K	RESULT-ENSU-DICTAMEN-C03-INSEG-CAJERO-EDAD-30-44-N-FUERA	RESULT-ENSU-DICTAMEN-C03-INSEG-CAJERO-EDAD-30-44-DELTA-PP	RESULT-ENSU-DICTAMEN-C03-INSEG-CAJERO-EDAD-30-44-OLA-INI	RESULT-ENSU-DICTAMEN-C03-INSEG-CAJERO-EDAD-30-44-OLA-FIN	RESULT-ENSU-DICTAMEN-C03-INSEG-CAJERO-EDAD-30-44-N-CAMBIO-DOCUMENTADO
C03-INSEG-CAJERO	EDAD	45-59	RESULT-ENSU-DICTAMEN-C03-INSEG-CAJERO-EDAD-45-59-DICTAMEN	RESULT-ENSU-DICTAMEN-C03-INSEG-CAJERO-EDAD-45-59-DIRECCION	RESULT-ENSU-DICTAMEN-C03-INSEG-CAJERO-EDAD-45-59-K	RESULT-ENSU-DICTAMEN-C03-INSEG-CAJERO-EDAD-45-59-N-FUERA	RESULT-ENSU-DICTAMEN-C03-INSEG-CAJERO-EDAD-45-59-DELTA-PP	RESULT-ENSU-DICTAMEN-C03-INSEG-CAJERO-EDAD-45-59-OLA-INI	RESULT-ENSU-DICTAMEN-C03-INSEG-CAJERO-EDAD-45-59-OLA-FIN	RESULT-ENSU-DICTAMEN-C03-INSEG-CAJERO-EDAD-45-59-N-CAMBIO-DOCUMENTADO
C03-INSEG-CAJERO	EDAD	60-MAS	RESULT-ENSU-DICTAMEN-C03-INSEG-CAJERO-EDAD-60-MAS-DICTAMEN	RESULT-ENSU-DICTAMEN-C03-INSEG-CAJERO-EDAD-60-MAS-DIRECCION	RESULT-ENSU-DICTAMEN-C03-INSEG-CAJERO-EDAD-60-MAS-K	RESULT-ENSU-DICTAMEN-C03-INSEG-CAJERO-EDAD-60-MAS-N-FUERA	RESULT-ENSU-DICTAMEN-C03-INSEG-CAJERO-EDAD-60-MAS-DELTA-PP	RESULT-ENSU-DICTAMEN-C03-INSEG-CAJERO-EDAD-60-MAS-OLA-INI	RESULT-ENSU-DICTAMEN-C03-INSEG-CAJERO-EDAD-60-MAS-OLA-FIN	RESULT-ENSU-DICTAMEN-C03-INSEG-CAJERO-EDAD-60-MAS-N-CAMBIO-DOCUMENTADO
C03-INSEG-CAJERO	SEXO	HOMBRE	RESULT-ENSU-DICTAMEN-C03-INSEG-CAJERO-SEXO-HOMBRE-DICTAMEN	RESULT-ENSU-DICTAMEN-C03-INSEG-CAJERO-SEXO-HOMBRE-DIRECCION	RESULT-ENSU-DICTAMEN-C03-INSEG-CAJERO-SEXO-HOMBRE-K	RESULT-ENSU-DICTAMEN-C03-INSEG-CAJERO-SEXO-HOMBRE-N-FUERA	RESULT-ENSU-DICTAMEN-C03-INSEG-CAJERO-SEXO-HOMBRE-DELTA-PP	RESULT-ENSU-DICTAMEN-C03-INSEG-CAJERO-SEXO-HOMBRE-OLA-INI	RESULT-ENSU-DICTAMEN-C03-INSEG-CAJERO-SEXO-HOMBRE-OLA-FIN	RESULT-ENSU-DICTAMEN-C03-INSEG-CAJERO-SEXO-HOMBRE-N-CAMBIO-DOCUMENTADO
C03-INSEG-CAJERO	SEXO	MUJER	RESULT-ENSU-DICTAMEN-C03-INSEG-CAJERO-SEXO-MUJER-DICTAMEN	RESULT-ENSU-DICTAMEN-C03-INSEG-CAJERO-SEXO-MUJER-DIRECCION	RESULT-ENSU-DICTAMEN-C03-INSEG-CAJERO-SEXO-MUJER-K	RESULT-ENSU-DICTAMEN-C03-INSEG-CAJERO-SEXO-MUJER-N-FUERA	RESULT-ENSU-DICTAMEN-C03-INSEG-CAJERO-SEXO-MUJER-DELTA-PP	RESULT-ENSU-DICTAMEN-C03-INSEG-CAJERO-SEXO-MUJER-OLA-INI	RESULT-ENSU-DICTAMEN-C03-INSEG-CAJERO-SEXO-MUJER-OLA-FIN	RESULT-ENSU-DICTAMEN-C03-INSEG-CAJERO-SEXO-MUJER-N-CAMBIO-DOCUMENTADO
C03-INSEG-CAJERO	TOTAL	TODOS	RESULT-ENSU-DICTAMEN-C03-INSEG-CAJERO-TOTAL-TODOS-DICTAMEN	RESULT-ENSU-DICTAMEN-C03-INSEG-CAJERO-TOTAL-TODOS-DIRECCION	RESULT-ENSU-DICTAMEN-C03-INSEG-CAJERO-TOTAL-TODOS-K	RESULT-ENSU-DICTAMEN-C03-INSEG-CAJERO-TOTAL-TODOS-N-FUERA	RESULT-ENSU-DICTAMEN-C03-INSEG-CAJERO-TOTAL-TODOS-DELTA-PP	RESULT-ENSU-DICTAMEN-C03-INSEG-CAJERO-TOTAL-TODOS-OLA-INI	RESULT-ENSU-DICTAMEN-C03-INSEG-CAJERO-TOTAL-TODOS-OLA-FIN	RESULT-ENSU-DICTAMEN-C03-INSEG-CAJERO-TOTAL-TODOS-N-CAMBIO-DOCUMENTADO
C04-INSEG-TRANSPORTE	EDAD	18-29	RESULT-ENSU-DICTAMEN-C04-INSEG-TRANSPORTE-EDAD-18-29-DICTAMEN	RESULT-ENSU-DICTAMEN-C04-INSEG-TRANSPORTE-EDAD-18-29-DIRECCION	RESULT-ENSU-DICTAMEN-C04-INSEG-TRANSPORTE-EDAD-18-29-K	RESULT-ENSU-DICTAMEN-C04-INSEG-TRANSPORTE-EDAD-18-29-N-FUERA	RESULT-ENSU-DICTAMEN-C04-INSEG-TRANSPORTE-EDAD-18-29-DELTA-PP	RESULT-ENSU-DICTAMEN-C04-INSEG-TRANSPORTE-EDAD-18-29-OLA-INI	RESULT-ENSU-DICTAMEN-C04-INSEG-TRANSPORTE-EDAD-18-29-OLA-FIN	RESULT-ENSU-DICTAMEN-C04-INSEG-TRANSPORTE-EDAD-18-29-N-CAMBIO-DOCUMENTADO
C04-INSEG-TRANSPORTE	EDAD	30-44	RESULT-ENSU-DICTAMEN-C04-INSEG-TRANSPORTE-EDAD-30-44-DICTAMEN	RESULT-ENSU-DICTAMEN-C04-INSEG-TRANSPORTE-EDAD-30-44-DIRECCION	RESULT-ENSU-DICTAMEN-C04-INSEG-TRANSPORTE-EDAD-30-44-K	RESULT-ENSU-DICTAMEN-C04-INSEG-TRANSPORTE-EDAD-30-44-N-FUERA	RESULT-ENSU-DICTAMEN-C04-INSEG-TRANSPORTE-EDAD-30-44-DELTA-PP	RESULT-ENSU-DICTAMEN-C04-INSEG-TRANSPORTE-EDAD-30-44-OLA-INI	RESULT-ENSU-DICTAMEN-C04-INSEG-TRANSPORTE-EDAD-30-44-OLA-FIN	RESULT-ENSU-DICTAMEN-C04-INSEG-TRANSPORTE-EDAD-30-44-N-CAMBIO-DOCUMENTADO
C04-INSEG-TRANSPORTE	EDAD	45-59	RESULT-ENSU-DICTAMEN-C04-INSEG-TRANSPORTE-EDAD-45-59-DICTAMEN	RESULT-ENSU-DICTAMEN-C04-INSEG-TRANSPORTE-EDAD-45-59-DIRECCION	RESULT-ENSU-DICTAMEN-C04-INSEG-TRANSPORTE-EDAD-45-59-K	RESULT-ENSU-DICTAMEN-C04-INSEG-TRANSPORTE-EDAD-45-59-N-FUERA	RESULT-ENSU-DICTAMEN-C04-INSEG-TRANSPORTE-EDAD-45-59-DELTA-PP	RESULT-ENSU-DICTAMEN-C04-INSEG-TRANSPORTE-EDAD-45-59-OLA-INI	RESULT-ENSU-DICTAMEN-C04-INSEG-TRANSPORTE-EDAD-45-59-OLA-FIN	RESULT-ENSU-DICTAMEN-C04-INSEG-TRANSPORTE-EDAD-45-59-N-CAMBIO-DOCUMENTADO
C04-INSEG-TRANSPORTE	EDAD	60-MAS	RESULT-ENSU-DICTAMEN-C04-INSEG-TRANSPORTE-EDAD-60-MAS-DICTAMEN	RESULT-ENSU-DICTAMEN-C04-INSEG-TRANSPORTE-EDAD-60-MAS-DIRECCION	RESULT-ENSU-DICTAMEN-C04-INSEG-TRANSPORTE-EDAD-60-MAS-K	RESULT-ENSU-DICTAMEN-C04-INSEG-TRANSPORTE-EDAD-60-MAS-N-FUERA	RESULT-ENSU-DICTAMEN-C04-INSEG-TRANSPORTE-EDAD-60-MAS-DELTA-PP	RESULT-ENSU-DICTAMEN-C04-INSEG-TRANSPORTE-EDAD-60-MAS-OLA-INI	RESULT-ENSU-DICTAMEN-C04-INSEG-TRANSPORTE-EDAD-60-MAS-OLA-FIN	RESULT-ENSU-DICTAMEN-C04-INSEG-TRANSPORTE-EDAD-60-MAS-N-CAMBIO-DOCUMENTADO
C04-INSEG-TRANSPORTE	SEXO	HOMBRE	RESULT-ENSU-DICTAMEN-C04-INSEG-TRANSPORTE-SEXO-HOMBRE-DICTAMEN	RESULT-ENSU-DICTAMEN-C04-INSEG-TRANSPORTE-SEXO-HOMBRE-DIRECCION	RESULT-ENSU-DICTAMEN-C04-INSEG-TRANSPORTE-SEXO-HOMBRE-K	RESULT-ENSU-DICTAMEN-C04-INSEG-TRANSPORTE-SEXO-HOMBRE-N-FUERA	RESULT-ENSU-DICTAMEN-C04-INSEG-TRANSPORTE-SEXO-HOMBRE-DELTA-PP	RESULT-ENSU-DICTAMEN-C04-INSEG-TRANSPORTE-SEXO-HOMBRE-OLA-INI	RESULT-ENSU-DICTAMEN-C04-INSEG-TRANSPORTE-SEXO-HOMBRE-OLA-FIN	RESULT-ENSU-DICTAMEN-C04-INSEG-TRANSPORTE-SEXO-HOMBRE-N-CAMBIO-DOCUMENTADO
C04-INSEG-TRANSPORTE	SEXO	MUJER	RESULT-ENSU-DICTAMEN-C04-INSEG-TRANSPORTE-SEXO-MUJER-DICTAMEN	RESULT-ENSU-DICTAMEN-C04-INSEG-TRANSPORTE-SEXO-MUJER-DIRECCION	RESULT-ENSU-DICTAMEN-C04-INSEG-TRANSPORTE-SEXO-MUJER-K	RESULT-ENSU-DICTAMEN-C04-INSEG-TRANSPORTE-SEXO-MUJER-N-FUERA	RESULT-ENSU-DICTAMEN-C04-INSEG-TRANSPORTE-SEXO-MUJER-DELTA-PP	RESULT-ENSU-DICTAMEN-C04-INSEG-TRANSPORTE-SEXO-MUJER-OLA-INI	RESULT-ENSU-DICTAMEN-C04-INSEG-TRANSPORTE-SEXO-MUJER-OLA-FIN	RESULT-ENSU-DICTAMEN-C04-INSEG-TRANSPORTE-SEXO-MUJER-N-CAMBIO-DOCUMENTADO
C04-INSEG-TRANSPORTE	TOTAL	TODOS	RESULT-ENSU-DICTAMEN-C04-INSEG-TRANSPORTE-TOTAL-TODOS-DICTAMEN	RESULT-ENSU-DICTAMEN-C04-INSEG-TRANSPORTE-TOTAL-TODOS-DIRECCION	RESULT-ENSU-DICTAMEN-C04-INSEG-TRANSPORTE-TOTAL-TODOS-K	RESULT-ENSU-DICTAMEN-C04-INSEG-TRANSPORTE-TOTAL-TODOS-N-FUERA	RESULT-ENSU-DICTAMEN-C04-INSEG-TRANSPORTE-TOTAL-TODOS-DELTA-PP	RESULT-ENSU-DICTAMEN-C04-INSEG-TRANSPORTE-TOTAL-TODOS-OLA-INI	RESULT-ENSU-DICTAMEN-C04-INSEG-TRANSPORTE-TOTAL-TODOS-OLA-FIN	RESULT-ENSU-DICTAMEN-C04-INSEG-TRANSPORTE-TOTAL-TODOS-N-CAMBIO-DOCUMENTADO
C05-EXPECT-EMPEORA	EDAD	18-29	RESULT-ENSU-DICTAMEN-C05-EXPECT-EMPEORA-EDAD-18-29-DICTAMEN	RESULT-ENSU-DICTAMEN-C05-EXPECT-EMPEORA-EDAD-18-29-DIRECCION	RESULT-ENSU-DICTAMEN-C05-EXPECT-EMPEORA-EDAD-18-29-K	RESULT-ENSU-DICTAMEN-C05-EXPECT-EMPEORA-EDAD-18-29-N-FUERA	RESULT-ENSU-DICTAMEN-C05-EXPECT-EMPEORA-EDAD-18-29-DELTA-PP	RESULT-ENSU-DICTAMEN-C05-EXPECT-EMPEORA-EDAD-18-29-OLA-INI	RESULT-ENSU-DICTAMEN-C05-EXPECT-EMPEORA-EDAD-18-29-OLA-FIN	RESULT-ENSU-DICTAMEN-C05-EXPECT-EMPEORA-EDAD-18-29-N-CAMBIO-DOCUMENTADO
C05-EXPECT-EMPEORA	EDAD	30-44	RESULT-ENSU-DICTAMEN-C05-EXPECT-EMPEORA-EDAD-30-44-DICTAMEN	RESULT-ENSU-DICTAMEN-C05-EXPECT-EMPEORA-EDAD-30-44-DIRECCION	RESULT-ENSU-DICTAMEN-C05-EXPECT-EMPEORA-EDAD-30-44-K	RESULT-ENSU-DICTAMEN-C05-EXPECT-EMPEORA-EDAD-30-44-N-FUERA	RESULT-ENSU-DICTAMEN-C05-EXPECT-EMPEORA-EDAD-30-44-DELTA-PP	RESULT-ENSU-DICTAMEN-C05-EXPECT-EMPEORA-EDAD-30-44-OLA-INI	RESULT-ENSU-DICTAMEN-C05-EXPECT-EMPEORA-EDAD-30-44-OLA-FIN	RESULT-ENSU-DICTAMEN-C05-EXPECT-EMPEORA-EDAD-30-44-N-CAMBIO-DOCUMENTADO
C05-EXPECT-EMPEORA	EDAD	45-59	RESULT-ENSU-DICTAMEN-C05-EXPECT-EMPEORA-EDAD-45-59-DICTAMEN	RESULT-ENSU-DICTAMEN-C05-EXPECT-EMPEORA-EDAD-45-59-DIRECCION	RESULT-ENSU-DICTAMEN-C05-EXPECT-EMPEORA-EDAD-45-59-K	RESULT-ENSU-DICTAMEN-C05-EXPECT-EMPEORA-EDAD-45-59-N-FUERA	RESULT-ENSU-DICTAMEN-C05-EXPECT-EMPEORA-EDAD-45-59-DELTA-PP	RESULT-ENSU-DICTAMEN-C05-EXPECT-EMPEORA-EDAD-45-59-OLA-INI	RESULT-ENSU-DICTAMEN-C05-EXPECT-EMPEORA-EDAD-45-59-OLA-FIN	RESULT-ENSU-DICTAMEN-C05-EXPECT-EMPEORA-EDAD-45-59-N-CAMBIO-DOCUMENTADO
C05-EXPECT-EMPEORA	EDAD	60-MAS	RESULT-ENSU-DICTAMEN-C05-EXPECT-EMPEORA-EDAD-60-MAS-DICTAMEN	RESULT-ENSU-DICTAMEN-C05-EXPECT-EMPEORA-EDAD-60-MAS-DIRECCION	RESULT-ENSU-DICTAMEN-C05-EXPECT-EMPEORA-EDAD-60-MAS-K	RESULT-ENSU-DICTAMEN-C05-EXPECT-EMPEORA-EDAD-60-MAS-N-FUERA	RESULT-ENSU-DICTAMEN-C05-EXPECT-EMPEORA-EDAD-60-MAS-DELTA-PP	RESULT-ENSU-DICTAMEN-C05-EXPECT-EMPEORA-EDAD-60-MAS-OLA-INI	RESULT-ENSU-DICTAMEN-C05-EXPECT-EMPEORA-EDAD-60-MAS-OLA-FIN	RESULT-ENSU-DICTAMEN-C05-EXPECT-EMPEORA-EDAD-60-MAS-N-CAMBIO-DOCUMENTADO
C05-EXPECT-EMPEORA	SEXO	HOMBRE	RESULT-ENSU-DICTAMEN-C05-EXPECT-EMPEORA-SEXO-HOMBRE-DICTAMEN	RESULT-ENSU-DICTAMEN-C05-EXPECT-EMPEORA-SEXO-HOMBRE-DIRECCION	RESULT-ENSU-DICTAMEN-C05-EXPECT-EMPEORA-SEXO-HOMBRE-K	RESULT-ENSU-DICTAMEN-C05-EXPECT-EMPEORA-SEXO-HOMBRE-N-FUERA	RESULT-ENSU-DICTAMEN-C05-EXPECT-EMPEORA-SEXO-HOMBRE-DELTA-PP	RESULT-ENSU-DICTAMEN-C05-EXPECT-EMPEORA-SEXO-HOMBRE-OLA-INI	RESULT-ENSU-DICTAMEN-C05-EXPECT-EMPEORA-SEXO-HOMBRE-OLA-FIN	RESULT-ENSU-DICTAMEN-C05-EXPECT-EMPEORA-SEXO-HOMBRE-N-CAMBIO-DOCUMENTADO
C05-EXPECT-EMPEORA	SEXO	MUJER	RESULT-ENSU-DICTAMEN-C05-EXPECT-EMPEORA-SEXO-MUJER-DICTAMEN	RESULT-ENSU-DICTAMEN-C05-EXPECT-EMPEORA-SEXO-MUJER-DIRECCION	RESULT-ENSU-DICTAMEN-C05-EXPECT-EMPEORA-SEXO-MUJER-K	RESULT-ENSU-DICTAMEN-C05-EXPECT-EMPEORA-SEXO-MUJER-N-FUERA	RESULT-ENSU-DICTAMEN-C05-EXPECT-EMPEORA-SEXO-MUJER-DELTA-PP	RESULT-ENSU-DICTAMEN-C05-EXPECT-EMPEORA-SEXO-MUJER-OLA-INI	RESULT-ENSU-DICTAMEN-C05-EXPECT-EMPEORA-SEXO-MUJER-OLA-FIN	RESULT-ENSU-DICTAMEN-C05-EXPECT-EMPEORA-SEXO-MUJER-N-CAMBIO-DOCUMENTADO
C05-EXPECT-EMPEORA	TOTAL	TODOS	RESULT-ENSU-DICTAMEN-C05-EXPECT-EMPEORA-TOTAL-TODOS-DICTAMEN	RESULT-ENSU-DICTAMEN-C05-EXPECT-EMPEORA-TOTAL-TODOS-DIRECCION	RESULT-ENSU-DICTAMEN-C05-EXPECT-EMPEORA-TOTAL-TODOS-K	RESULT-ENSU-DICTAMEN-C05-EXPECT-EMPEORA-TOTAL-TODOS-N-FUERA	RESULT-ENSU-DICTAMEN-C05-EXPECT-EMPEORA-TOTAL-TODOS-DELTA-PP	RESULT-ENSU-DICTAMEN-C05-EXPECT-EMPEORA-TOTAL-TODOS-OLA-INI	RESULT-ENSU-DICTAMEN-C05-EXPECT-EMPEORA-TOTAL-TODOS-OLA-FIN	RESULT-ENSU-DICTAMEN-C05-EXPECT-EMPEORA-TOTAL-TODOS-N-CAMBIO-DOCUMENTADO
C06-TESTIGO-ROBOS	EDAD	18-29	RESULT-ENSU-DICTAMEN-C06-TESTIGO-ROBOS-EDAD-18-29-DICTAMEN	RESULT-ENSU-DICTAMEN-C06-TESTIGO-ROBOS-EDAD-18-29-DIRECCION	RESULT-ENSU-DICTAMEN-C06-TESTIGO-ROBOS-EDAD-18-29-K	RESULT-ENSU-DICTAMEN-C06-TESTIGO-ROBOS-EDAD-18-29-N-FUERA	RESULT-ENSU-DICTAMEN-C06-TESTIGO-ROBOS-EDAD-18-29-DELTA-PP	RESULT-ENSU-DICTAMEN-C06-TESTIGO-ROBOS-EDAD-18-29-OLA-INI	RESULT-ENSU-DICTAMEN-C06-TESTIGO-ROBOS-EDAD-18-29-OLA-FIN	RESULT-ENSU-DICTAMEN-C06-TESTIGO-ROBOS-EDAD-18-29-N-CAMBIO-DOCUMENTADO
C06-TESTIGO-ROBOS	EDAD	30-44	RESULT-ENSU-DICTAMEN-C06-TESTIGO-ROBOS-EDAD-30-44-DICTAMEN	RESULT-ENSU-DICTAMEN-C06-TESTIGO-ROBOS-EDAD-30-44-DIRECCION	RESULT-ENSU-DICTAMEN-C06-TESTIGO-ROBOS-EDAD-30-44-K	RESULT-ENSU-DICTAMEN-C06-TESTIGO-ROBOS-EDAD-30-44-N-FUERA	RESULT-ENSU-DICTAMEN-C06-TESTIGO-ROBOS-EDAD-30-44-DELTA-PP	RESULT-ENSU-DICTAMEN-C06-TESTIGO-ROBOS-EDAD-30-44-OLA-INI	RESULT-ENSU-DICTAMEN-C06-TESTIGO-ROBOS-EDAD-30-44-OLA-FIN	RESULT-ENSU-DICTAMEN-C06-TESTIGO-ROBOS-EDAD-30-44-N-CAMBIO-DOCUMENTADO
C06-TESTIGO-ROBOS	EDAD	45-59	RESULT-ENSU-DICTAMEN-C06-TESTIGO-ROBOS-EDAD-45-59-DICTAMEN	RESULT-ENSU-DICTAMEN-C06-TESTIGO-ROBOS-EDAD-45-59-DIRECCION	RESULT-ENSU-DICTAMEN-C06-TESTIGO-ROBOS-EDAD-45-59-K	RESULT-ENSU-DICTAMEN-C06-TESTIGO-ROBOS-EDAD-45-59-N-FUERA	RESULT-ENSU-DICTAMEN-C06-TESTIGO-ROBOS-EDAD-45-59-DELTA-PP	RESULT-ENSU-DICTAMEN-C06-TESTIGO-ROBOS-EDAD-45-59-OLA-INI	RESULT-ENSU-DICTAMEN-C06-TESTIGO-ROBOS-EDAD-45-59-OLA-FIN	RESULT-ENSU-DICTAMEN-C06-TESTIGO-ROBOS-EDAD-45-59-N-CAMBIO-DOCUMENTADO
C06-TESTIGO-ROBOS	EDAD	60-MAS	RESULT-ENSU-DICTAMEN-C06-TESTIGO-ROBOS-EDAD-60-MAS-DICTAMEN	RESULT-ENSU-DICTAMEN-C06-TESTIGO-ROBOS-EDAD-60-MAS-DIRECCION	RESULT-ENSU-DICTAMEN-C06-TESTIGO-ROBOS-EDAD-60-MAS-K	RESULT-ENSU-DICTAMEN-C06-TESTIGO-ROBOS-EDAD-60-MAS-N-FUERA	RESULT-ENSU-DICTAMEN-C06-TESTIGO-ROBOS-EDAD-60-MAS-DELTA-PP	RESULT-ENSU-DICTAMEN-C06-TESTIGO-ROBOS-EDAD-60-MAS-OLA-INI	RESULT-ENSU-DICTAMEN-C06-TESTIGO-ROBOS-EDAD-60-MAS-OLA-FIN	RESULT-ENSU-DICTAMEN-C06-TESTIGO-ROBOS-EDAD-60-MAS-N-CAMBIO-DOCUMENTADO
C06-TESTIGO-ROBOS	SEXO	HOMBRE	RESULT-ENSU-DICTAMEN-C06-TESTIGO-ROBOS-SEXO-HOMBRE-DICTAMEN	RESULT-ENSU-DICTAMEN-C06-TESTIGO-ROBOS-SEXO-HOMBRE-DIRECCION	RESULT-ENSU-DICTAMEN-C06-TESTIGO-ROBOS-SEXO-HOMBRE-K	RESULT-ENSU-DICTAMEN-C06-TESTIGO-ROBOS-SEXO-HOMBRE-N-FUERA	RESULT-ENSU-DICTAMEN-C06-TESTIGO-ROBOS-SEXO-HOMBRE-DELTA-PP	RESULT-ENSU-DICTAMEN-C06-TESTIGO-ROBOS-SEXO-HOMBRE-OLA-INI	RESULT-ENSU-DICTAMEN-C06-TESTIGO-ROBOS-SEXO-HOMBRE-OLA-FIN	RESULT-ENSU-DICTAMEN-C06-TESTIGO-ROBOS-SEXO-HOMBRE-N-CAMBIO-DOCUMENTADO
C06-TESTIGO-ROBOS	SEXO	MUJER	RESULT-ENSU-DICTAMEN-C06-TESTIGO-ROBOS-SEXO-MUJER-DICTAMEN	RESULT-ENSU-DICTAMEN-C06-TESTIGO-ROBOS-SEXO-MUJER-DIRECCION	RESULT-ENSU-DICTAMEN-C06-TESTIGO-ROBOS-SEXO-MUJER-K	RESULT-ENSU-DICTAMEN-C06-TESTIGO-ROBOS-SEXO-MUJER-N-FUERA	RESULT-ENSU-DICTAMEN-C06-TESTIGO-ROBOS-SEXO-MUJER-DELTA-PP	RESULT-ENSU-DICTAMEN-C06-TESTIGO-ROBOS-SEXO-MUJER-OLA-INI	RESULT-ENSU-DICTAMEN-C06-TESTIGO-ROBOS-SEXO-MUJER-OLA-FIN	RESULT-ENSU-DICTAMEN-C06-TESTIGO-ROBOS-SEXO-MUJER-N-CAMBIO-DOCUMENTADO
C06-TESTIGO-ROBOS	TOTAL	TODOS	RESULT-ENSU-DICTAMEN-C06-TESTIGO-ROBOS-TOTAL-TODOS-DICTAMEN	RESULT-ENSU-DICTAMEN-C06-TESTIGO-ROBOS-TOTAL-TODOS-DIRECCION	RESULT-ENSU-DICTAMEN-C06-TESTIGO-ROBOS-TOTAL-TODOS-K	RESULT-ENSU-DICTAMEN-C06-TESTIGO-ROBOS-TOTAL-TODOS-N-FUERA	RESULT-ENSU-DICTAMEN-C06-TESTIGO-ROBOS-TOTAL-TODOS-DELTA-PP	RESULT-ENSU-DICTAMEN-C06-TESTIGO-ROBOS-TOTAL-TODOS-OLA-INI	RESULT-ENSU-DICTAMEN-C06-TESTIGO-ROBOS-TOTAL-TODOS-OLA-FIN	RESULT-ENSU-DICTAMEN-C06-TESTIGO-ROBOS-TOTAL-TODOS-N-CAMBIO-DOCUMENTADO
C07-TESTIGO-PANDILLAS	EDAD	18-29	RESULT-ENSU-DICTAMEN-C07-TESTIGO-PANDILLAS-EDAD-18-29-DICTAMEN	RESULT-ENSU-DICTAMEN-C07-TESTIGO-PANDILLAS-EDAD-18-29-DIRECCION	RESULT-ENSU-DICTAMEN-C07-TESTIGO-PANDILLAS-EDAD-18-29-K	RESULT-ENSU-DICTAMEN-C07-TESTIGO-PANDILLAS-EDAD-18-29-N-FUERA	RESULT-ENSU-DICTAMEN-C07-TESTIGO-PANDILLAS-EDAD-18-29-DELTA-PP	RESULT-ENSU-DICTAMEN-C07-TESTIGO-PANDILLAS-EDAD-18-29-OLA-INI	RESULT-ENSU-DICTAMEN-C07-TESTIGO-PANDILLAS-EDAD-18-29-OLA-FIN	RESULT-ENSU-DICTAMEN-C07-TESTIGO-PANDILLAS-EDAD-18-29-N-CAMBIO-DOCUMENTADO
C07-TESTIGO-PANDILLAS	EDAD	30-44	RESULT-ENSU-DICTAMEN-C07-TESTIGO-PANDILLAS-EDAD-30-44-DICTAMEN	RESULT-ENSU-DICTAMEN-C07-TESTIGO-PANDILLAS-EDAD-30-44-DIRECCION	RESULT-ENSU-DICTAMEN-C07-TESTIGO-PANDILLAS-EDAD-30-44-K	RESULT-ENSU-DICTAMEN-C07-TESTIGO-PANDILLAS-EDAD-30-44-N-FUERA	RESULT-ENSU-DICTAMEN-C07-TESTIGO-PANDILLAS-EDAD-30-44-DELTA-PP	RESULT-ENSU-DICTAMEN-C07-TESTIGO-PANDILLAS-EDAD-30-44-OLA-INI	RESULT-ENSU-DICTAMEN-C07-TESTIGO-PANDILLAS-EDAD-30-44-OLA-FIN	RESULT-ENSU-DICTAMEN-C07-TESTIGO-PANDILLAS-EDAD-30-44-N-CAMBIO-DOCUMENTADO
C07-TESTIGO-PANDILLAS	EDAD	45-59	RESULT-ENSU-DICTAMEN-C07-TESTIGO-PANDILLAS-EDAD-45-59-DICTAMEN	RESULT-ENSU-DICTAMEN-C07-TESTIGO-PANDILLAS-EDAD-45-59-DIRECCION	RESULT-ENSU-DICTAMEN-C07-TESTIGO-PANDILLAS-EDAD-45-59-K	RESULT-ENSU-DICTAMEN-C07-TESTIGO-PANDILLAS-EDAD-45-59-N-FUERA	RESULT-ENSU-DICTAMEN-C07-TESTIGO-PANDILLAS-EDAD-45-59-DELTA-PP	RESULT-ENSU-DICTAMEN-C07-TESTIGO-PANDILLAS-EDAD-45-59-OLA-INI	RESULT-ENSU-DICTAMEN-C07-TESTIGO-PANDILLAS-EDAD-45-59-OLA-FIN	RESULT-ENSU-DICTAMEN-C07-TESTIGO-PANDILLAS-EDAD-45-59-N-CAMBIO-DOCUMENTADO
C07-TESTIGO-PANDILLAS	EDAD	60-MAS	RESULT-ENSU-DICTAMEN-C07-TESTIGO-PANDILLAS-EDAD-60-MAS-DICTAMEN	RESULT-ENSU-DICTAMEN-C07-TESTIGO-PANDILLAS-EDAD-60-MAS-DIRECCION	RESULT-ENSU-DICTAMEN-C07-TESTIGO-PANDILLAS-EDAD-60-MAS-K	RESULT-ENSU-DICTAMEN-C07-TESTIGO-PANDILLAS-EDAD-60-MAS-N-FUERA	RESULT-ENSU-DICTAMEN-C07-TESTIGO-PANDILLAS-EDAD-60-MAS-DELTA-PP	RESULT-ENSU-DICTAMEN-C07-TESTIGO-PANDILLAS-EDAD-60-MAS-OLA-INI	RESULT-ENSU-DICTAMEN-C07-TESTIGO-PANDILLAS-EDAD-60-MAS-OLA-FIN	RESULT-ENSU-DICTAMEN-C07-TESTIGO-PANDILLAS-EDAD-60-MAS-N-CAMBIO-DOCUMENTADO
C07-TESTIGO-PANDILLAS	SEXO	HOMBRE	RESULT-ENSU-DICTAMEN-C07-TESTIGO-PANDILLAS-SEXO-HOMBRE-DICTAMEN	RESULT-ENSU-DICTAMEN-C07-TESTIGO-PANDILLAS-SEXO-HOMBRE-DIRECCION	RESULT-ENSU-DICTAMEN-C07-TESTIGO-PANDILLAS-SEXO-HOMBRE-K	RESULT-ENSU-DICTAMEN-C07-TESTIGO-PANDILLAS-SEXO-HOMBRE-N-FUERA	RESULT-ENSU-DICTAMEN-C07-TESTIGO-PANDILLAS-SEXO-HOMBRE-DELTA-PP	RESULT-ENSU-DICTAMEN-C07-TESTIGO-PANDILLAS-SEXO-HOMBRE-OLA-INI	RESULT-ENSU-DICTAMEN-C07-TESTIGO-PANDILLAS-SEXO-HOMBRE-OLA-FIN	RESULT-ENSU-DICTAMEN-C07-TESTIGO-PANDILLAS-SEXO-HOMBRE-N-CAMBIO-DOCUMENTADO
C07-TESTIGO-PANDILLAS	SEXO	MUJER	RESULT-ENSU-DICTAMEN-C07-TESTIGO-PANDILLAS-SEXO-MUJER-DICTAMEN	RESULT-ENSU-DICTAMEN-C07-TESTIGO-PANDILLAS-SEXO-MUJER-DIRECCION	RESULT-ENSU-DICTAMEN-C07-TESTIGO-PANDILLAS-SEXO-MUJER-K	RESULT-ENSU-DICTAMEN-C07-TESTIGO-PANDILLAS-SEXO-MUJER-N-FUERA	RESULT-ENSU-DICTAMEN-C07-TESTIGO-PANDILLAS-SEXO-MUJER-DELTA-PP	RESULT-ENSU-DICTAMEN-C07-TESTIGO-PANDILLAS-SEXO-MUJER-OLA-INI	RESULT-ENSU-DICTAMEN-C07-TESTIGO-PANDILLAS-SEXO-MUJER-OLA-FIN	RESULT-ENSU-DICTAMEN-C07-TESTIGO-PANDILLAS-SEXO-MUJER-N-CAMBIO-DOCUMENTADO
C07-TESTIGO-PANDILLAS	TOTAL	TODOS	RESULT-ENSU-DICTAMEN-C07-TESTIGO-PANDILLAS-TOTAL-TODOS-DICTAMEN	RESULT-ENSU-DICTAMEN-C07-TESTIGO-PANDILLAS-TOTAL-TODOS-DIRECCION	RESULT-ENSU-DICTAMEN-C07-TESTIGO-PANDILLAS-TOTAL-TODOS-K	RESULT-ENSU-DICTAMEN-C07-TESTIGO-PANDILLAS-TOTAL-TODOS-N-FUERA	RESULT-ENSU-DICTAMEN-C07-TESTIGO-PANDILLAS-TOTAL-TODOS-DELTA-PP	RESULT-ENSU-DICTAMEN-C07-TESTIGO-PANDILLAS-TOTAL-TODOS-OLA-INI	RESULT-ENSU-DICTAMEN-C07-TESTIGO-PANDILLAS-TOTAL-TODOS-OLA-FIN	RESULT-ENSU-DICTAMEN-C07-TESTIGO-PANDILLAS-TOTAL-TODOS-N-CAMBIO-DOCUMENTADO
C08-TESTIGO-DISPAROS	EDAD	18-29	RESULT-ENSU-DICTAMEN-C08-TESTIGO-DISPAROS-EDAD-18-29-DICTAMEN	RESULT-ENSU-DICTAMEN-C08-TESTIGO-DISPAROS-EDAD-18-29-DIRECCION	RESULT-ENSU-DICTAMEN-C08-TESTIGO-DISPAROS-EDAD-18-29-K	RESULT-ENSU-DICTAMEN-C08-TESTIGO-DISPAROS-EDAD-18-29-N-FUERA	RESULT-ENSU-DICTAMEN-C08-TESTIGO-DISPAROS-EDAD-18-29-DELTA-PP	RESULT-ENSU-DICTAMEN-C08-TESTIGO-DISPAROS-EDAD-18-29-OLA-INI	RESULT-ENSU-DICTAMEN-C08-TESTIGO-DISPAROS-EDAD-18-29-OLA-FIN	RESULT-ENSU-DICTAMEN-C08-TESTIGO-DISPAROS-EDAD-18-29-N-CAMBIO-DOCUMENTADO
C08-TESTIGO-DISPAROS	EDAD	30-44	RESULT-ENSU-DICTAMEN-C08-TESTIGO-DISPAROS-EDAD-30-44-DICTAMEN	RESULT-ENSU-DICTAMEN-C08-TESTIGO-DISPAROS-EDAD-30-44-DIRECCION	RESULT-ENSU-DICTAMEN-C08-TESTIGO-DISPAROS-EDAD-30-44-K	RESULT-ENSU-DICTAMEN-C08-TESTIGO-DISPAROS-EDAD-30-44-N-FUERA	RESULT-ENSU-DICTAMEN-C08-TESTIGO-DISPAROS-EDAD-30-44-DELTA-PP	RESULT-ENSU-DICTAMEN-C08-TESTIGO-DISPAROS-EDAD-30-44-OLA-INI	RESULT-ENSU-DICTAMEN-C08-TESTIGO-DISPAROS-EDAD-30-44-OLA-FIN	RESULT-ENSU-DICTAMEN-C08-TESTIGO-DISPAROS-EDAD-30-44-N-CAMBIO-DOCUMENTADO
C08-TESTIGO-DISPAROS	EDAD	45-59	RESULT-ENSU-DICTAMEN-C08-TESTIGO-DISPAROS-EDAD-45-59-DICTAMEN	RESULT-ENSU-DICTAMEN-C08-TESTIGO-DISPAROS-EDAD-45-59-DIRECCION	RESULT-ENSU-DICTAMEN-C08-TESTIGO-DISPAROS-EDAD-45-59-K	RESULT-ENSU-DICTAMEN-C08-TESTIGO-DISPAROS-EDAD-45-59-N-FUERA	RESULT-ENSU-DICTAMEN-C08-TESTIGO-DISPAROS-EDAD-45-59-DELTA-PP	RESULT-ENSU-DICTAMEN-C08-TESTIGO-DISPAROS-EDAD-45-59-OLA-INI	RESULT-ENSU-DICTAMEN-C08-TESTIGO-DISPAROS-EDAD-45-59-OLA-FIN	RESULT-ENSU-DICTAMEN-C08-TESTIGO-DISPAROS-EDAD-45-59-N-CAMBIO-DOCUMENTADO
C08-TESTIGO-DISPAROS	EDAD	60-MAS	RESULT-ENSU-DICTAMEN-C08-TESTIGO-DISPAROS-EDAD-60-MAS-DICTAMEN	RESULT-ENSU-DICTAMEN-C08-TESTIGO-DISPAROS-EDAD-60-MAS-DIRECCION	RESULT-ENSU-DICTAMEN-C08-TESTIGO-DISPAROS-EDAD-60-MAS-K	RESULT-ENSU-DICTAMEN-C08-TESTIGO-DISPAROS-EDAD-60-MAS-N-FUERA	RESULT-ENSU-DICTAMEN-C08-TESTIGO-DISPAROS-EDAD-60-MAS-DELTA-PP	RESULT-ENSU-DICTAMEN-C08-TESTIGO-DISPAROS-EDAD-60-MAS-OLA-INI	RESULT-ENSU-DICTAMEN-C08-TESTIGO-DISPAROS-EDAD-60-MAS-OLA-FIN	RESULT-ENSU-DICTAMEN-C08-TESTIGO-DISPAROS-EDAD-60-MAS-N-CAMBIO-DOCUMENTADO
C08-TESTIGO-DISPAROS	SEXO	HOMBRE	RESULT-ENSU-DICTAMEN-C08-TESTIGO-DISPAROS-SEXO-HOMBRE-DICTAMEN	RESULT-ENSU-DICTAMEN-C08-TESTIGO-DISPAROS-SEXO-HOMBRE-DIRECCION	RESULT-ENSU-DICTAMEN-C08-TESTIGO-DISPAROS-SEXO-HOMBRE-K	RESULT-ENSU-DICTAMEN-C08-TESTIGO-DISPAROS-SEXO-HOMBRE-N-FUERA	RESULT-ENSU-DICTAMEN-C08-TESTIGO-DISPAROS-SEXO-HOMBRE-DELTA-PP	RESULT-ENSU-DICTAMEN-C08-TESTIGO-DISPAROS-SEXO-HOMBRE-OLA-INI	RESULT-ENSU-DICTAMEN-C08-TESTIGO-DISPAROS-SEXO-HOMBRE-OLA-FIN	RESULT-ENSU-DICTAMEN-C08-TESTIGO-DISPAROS-SEXO-HOMBRE-N-CAMBIO-DOCUMENTADO
C08-TESTIGO-DISPAROS	SEXO	MUJER	RESULT-ENSU-DICTAMEN-C08-TESTIGO-DISPAROS-SEXO-MUJER-DICTAMEN	RESULT-ENSU-DICTAMEN-C08-TESTIGO-DISPAROS-SEXO-MUJER-DIRECCION	RESULT-ENSU-DICTAMEN-C08-TESTIGO-DISPAROS-SEXO-MUJER-K	RESULT-ENSU-DICTAMEN-C08-TESTIGO-DISPAROS-SEXO-MUJER-N-FUERA	RESULT-ENSU-DICTAMEN-C08-TESTIGO-DISPAROS-SEXO-MUJER-DELTA-PP	RESULT-ENSU-DICTAMEN-C08-TESTIGO-DISPAROS-SEXO-MUJER-OLA-INI	RESULT-ENSU-DICTAMEN-C08-TESTIGO-DISPAROS-SEXO-MUJER-OLA-FIN	RESULT-ENSU-DICTAMEN-C08-TESTIGO-DISPAROS-SEXO-MUJER-N-CAMBIO-DOCUMENTADO
C08-TESTIGO-DISPAROS	TOTAL	TODOS	RESULT-ENSU-DICTAMEN-C08-TESTIGO-DISPAROS-TOTAL-TODOS-DICTAMEN	RESULT-ENSU-DICTAMEN-C08-TESTIGO-DISPAROS-TOTAL-TODOS-DIRECCION	RESULT-ENSU-DICTAMEN-C08-TESTIGO-DISPAROS-TOTAL-TODOS-K	RESULT-ENSU-DICTAMEN-C08-TESTIGO-DISPAROS-TOTAL-TODOS-N-FUERA	RESULT-ENSU-DICTAMEN-C08-TESTIGO-DISPAROS-TOTAL-TODOS-DELTA-PP	RESULT-ENSU-DICTAMEN-C08-TESTIGO-DISPAROS-TOTAL-TODOS-OLA-INI	RESULT-ENSU-DICTAMEN-C08-TESTIGO-DISPAROS-TOTAL-TODOS-OLA-FIN	RESULT-ENSU-DICTAMEN-C08-TESTIGO-DISPAROS-TOTAL-TODOS-N-CAMBIO-DOCUMENTADO
C09-HABITO-OBJETOS-VALOR	EDAD	18-29	RESULT-ENSU-DICTAMEN-C09-HABITO-OBJETOS-VALOR-EDAD-18-29-DICTAMEN	RESULT-ENSU-DICTAMEN-C09-HABITO-OBJETOS-VALOR-EDAD-18-29-DIRECCION	RESULT-ENSU-DICTAMEN-C09-HABITO-OBJETOS-VALOR-EDAD-18-29-K	RESULT-ENSU-DICTAMEN-C09-HABITO-OBJETOS-VALOR-EDAD-18-29-N-FUERA	RESULT-ENSU-DICTAMEN-C09-HABITO-OBJETOS-VALOR-EDAD-18-29-DELTA-PP	RESULT-ENSU-DICTAMEN-C09-HABITO-OBJETOS-VALOR-EDAD-18-29-OLA-INI	RESULT-ENSU-DICTAMEN-C09-HABITO-OBJETOS-VALOR-EDAD-18-29-OLA-FIN	RESULT-ENSU-DICTAMEN-C09-HABITO-OBJETOS-VALOR-EDAD-18-29-N-CAMBIO-DOCUMENTADO
C09-HABITO-OBJETOS-VALOR	EDAD	30-44	RESULT-ENSU-DICTAMEN-C09-HABITO-OBJETOS-VALOR-EDAD-30-44-DICTAMEN	RESULT-ENSU-DICTAMEN-C09-HABITO-OBJETOS-VALOR-EDAD-30-44-DIRECCION	RESULT-ENSU-DICTAMEN-C09-HABITO-OBJETOS-VALOR-EDAD-30-44-K	RESULT-ENSU-DICTAMEN-C09-HABITO-OBJETOS-VALOR-EDAD-30-44-N-FUERA	RESULT-ENSU-DICTAMEN-C09-HABITO-OBJETOS-VALOR-EDAD-30-44-DELTA-PP	RESULT-ENSU-DICTAMEN-C09-HABITO-OBJETOS-VALOR-EDAD-30-44-OLA-INI	RESULT-ENSU-DICTAMEN-C09-HABITO-OBJETOS-VALOR-EDAD-30-44-OLA-FIN	RESULT-ENSU-DICTAMEN-C09-HABITO-OBJETOS-VALOR-EDAD-30-44-N-CAMBIO-DOCUMENTADO
C09-HABITO-OBJETOS-VALOR	EDAD	45-59	RESULT-ENSU-DICTAMEN-C09-HABITO-OBJETOS-VALOR-EDAD-45-59-DICTAMEN	RESULT-ENSU-DICTAMEN-C09-HABITO-OBJETOS-VALOR-EDAD-45-59-DIRECCION	RESULT-ENSU-DICTAMEN-C09-HABITO-OBJETOS-VALOR-EDAD-45-59-K	RESULT-ENSU-DICTAMEN-C09-HABITO-OBJETOS-VALOR-EDAD-45-59-N-FUERA	RESULT-ENSU-DICTAMEN-C09-HABITO-OBJETOS-VALOR-EDAD-45-59-DELTA-PP	RESULT-ENSU-DICTAMEN-C09-HABITO-OBJETOS-VALOR-EDAD-45-59-OLA-INI	RESULT-ENSU-DICTAMEN-C09-HABITO-OBJETOS-VALOR-EDAD-45-59-OLA-FIN	RESULT-ENSU-DICTAMEN-C09-HABITO-OBJETOS-VALOR-EDAD-45-59-N-CAMBIO-DOCUMENTADO
C09-HABITO-OBJETOS-VALOR	EDAD	60-MAS	RESULT-ENSU-DICTAMEN-C09-HABITO-OBJETOS-VALOR-EDAD-60-MAS-DICTAMEN	RESULT-ENSU-DICTAMEN-C09-HABITO-OBJETOS-VALOR-EDAD-60-MAS-DIRECCION	RESULT-ENSU-DICTAMEN-C09-HABITO-OBJETOS-VALOR-EDAD-60-MAS-K	RESULT-ENSU-DICTAMEN-C09-HABITO-OBJETOS-VALOR-EDAD-60-MAS-N-FUERA	RESULT-ENSU-DICTAMEN-C09-HABITO-OBJETOS-VALOR-EDAD-60-MAS-DELTA-PP	RESULT-ENSU-DICTAMEN-C09-HABITO-OBJETOS-VALOR-EDAD-60-MAS-OLA-INI	RESULT-ENSU-DICTAMEN-C09-HABITO-OBJETOS-VALOR-EDAD-60-MAS-OLA-FIN	RESULT-ENSU-DICTAMEN-C09-HABITO-OBJETOS-VALOR-EDAD-60-MAS-N-CAMBIO-DOCUMENTADO
C09-HABITO-OBJETOS-VALOR	SEXO	HOMBRE	RESULT-ENSU-DICTAMEN-C09-HABITO-OBJETOS-VALOR-SEXO-HOMBRE-DICTAMEN	RESULT-ENSU-DICTAMEN-C09-HABITO-OBJETOS-VALOR-SEXO-HOMBRE-DIRECCION	RESULT-ENSU-DICTAMEN-C09-HABITO-OBJETOS-VALOR-SEXO-HOMBRE-K	RESULT-ENSU-DICTAMEN-C09-HABITO-OBJETOS-VALOR-SEXO-HOMBRE-N-FUERA	RESULT-ENSU-DICTAMEN-C09-HABITO-OBJETOS-VALOR-SEXO-HOMBRE-DELTA-PP	RESULT-ENSU-DICTAMEN-C09-HABITO-OBJETOS-VALOR-SEXO-HOMBRE-OLA-INI	RESULT-ENSU-DICTAMEN-C09-HABITO-OBJETOS-VALOR-SEXO-HOMBRE-OLA-FIN	RESULT-ENSU-DICTAMEN-C09-HABITO-OBJETOS-VALOR-SEXO-HOMBRE-N-CAMBIO-DOCUMENTADO
C09-HABITO-OBJETOS-VALOR	SEXO	MUJER	RESULT-ENSU-DICTAMEN-C09-HABITO-OBJETOS-VALOR-SEXO-MUJER-DICTAMEN	RESULT-ENSU-DICTAMEN-C09-HABITO-OBJETOS-VALOR-SEXO-MUJER-DIRECCION	RESULT-ENSU-DICTAMEN-C09-HABITO-OBJETOS-VALOR-SEXO-MUJER-K	RESULT-ENSU-DICTAMEN-C09-HABITO-OBJETOS-VALOR-SEXO-MUJER-N-FUERA	RESULT-ENSU-DICTAMEN-C09-HABITO-OBJETOS-VALOR-SEXO-MUJER-DELTA-PP	RESULT-ENSU-DICTAMEN-C09-HABITO-OBJETOS-VALOR-SEXO-MUJER-OLA-INI	RESULT-ENSU-DICTAMEN-C09-HABITO-OBJETOS-VALOR-SEXO-MUJER-OLA-FIN	RESULT-ENSU-DICTAMEN-C09-HABITO-OBJETOS-VALOR-SEXO-MUJER-N-CAMBIO-DOCUMENTADO
C09-HABITO-OBJETOS-VALOR	TOTAL	TODOS	RESULT-ENSU-DICTAMEN-C09-HABITO-OBJETOS-VALOR-TOTAL-TODOS-DICTAMEN	RESULT-ENSU-DICTAMEN-C09-HABITO-OBJETOS-VALOR-TOTAL-TODOS-DIRECCION	RESULT-ENSU-DICTAMEN-C09-HABITO-OBJETOS-VALOR-TOTAL-TODOS-K	RESULT-ENSU-DICTAMEN-C09-HABITO-OBJETOS-VALOR-TOTAL-TODOS-N-FUERA	RESULT-ENSU-DICTAMEN-C09-HABITO-OBJETOS-VALOR-TOTAL-TODOS-DELTA-PP	RESULT-ENSU-DICTAMEN-C09-HABITO-OBJETOS-VALOR-TOTAL-TODOS-OLA-INI	RESULT-ENSU-DICTAMEN-C09-HABITO-OBJETOS-VALOR-TOTAL-TODOS-OLA-FIN	RESULT-ENSU-DICTAMEN-C09-HABITO-OBJETOS-VALOR-TOTAL-TODOS-N-CAMBIO-DOCUMENTADO
C10-HABITO-CAMINAR-NOCHE	EDAD	18-29	RESULT-ENSU-DICTAMEN-C10-HABITO-CAMINAR-NOCHE-EDAD-18-29-DICTAMEN	RESULT-ENSU-DICTAMEN-C10-HABITO-CAMINAR-NOCHE-EDAD-18-29-DIRECCION	RESULT-ENSU-DICTAMEN-C10-HABITO-CAMINAR-NOCHE-EDAD-18-29-K	RESULT-ENSU-DICTAMEN-C10-HABITO-CAMINAR-NOCHE-EDAD-18-29-N-FUERA	RESULT-ENSU-DICTAMEN-C10-HABITO-CAMINAR-NOCHE-EDAD-18-29-DELTA-PP	RESULT-ENSU-DICTAMEN-C10-HABITO-CAMINAR-NOCHE-EDAD-18-29-OLA-INI	RESULT-ENSU-DICTAMEN-C10-HABITO-CAMINAR-NOCHE-EDAD-18-29-OLA-FIN	RESULT-ENSU-DICTAMEN-C10-HABITO-CAMINAR-NOCHE-EDAD-18-29-N-CAMBIO-DOCUMENTADO
C10-HABITO-CAMINAR-NOCHE	EDAD	30-44	RESULT-ENSU-DICTAMEN-C10-HABITO-CAMINAR-NOCHE-EDAD-30-44-DICTAMEN	RESULT-ENSU-DICTAMEN-C10-HABITO-CAMINAR-NOCHE-EDAD-30-44-DIRECCION	RESULT-ENSU-DICTAMEN-C10-HABITO-CAMINAR-NOCHE-EDAD-30-44-K	RESULT-ENSU-DICTAMEN-C10-HABITO-CAMINAR-NOCHE-EDAD-30-44-N-FUERA	RESULT-ENSU-DICTAMEN-C10-HABITO-CAMINAR-NOCHE-EDAD-30-44-DELTA-PP	RESULT-ENSU-DICTAMEN-C10-HABITO-CAMINAR-NOCHE-EDAD-30-44-OLA-INI	RESULT-ENSU-DICTAMEN-C10-HABITO-CAMINAR-NOCHE-EDAD-30-44-OLA-FIN	RESULT-ENSU-DICTAMEN-C10-HABITO-CAMINAR-NOCHE-EDAD-30-44-N-CAMBIO-DOCUMENTADO
C10-HABITO-CAMINAR-NOCHE	EDAD	45-59	RESULT-ENSU-DICTAMEN-C10-HABITO-CAMINAR-NOCHE-EDAD-45-59-DICTAMEN	RESULT-ENSU-DICTAMEN-C10-HABITO-CAMINAR-NOCHE-EDAD-45-59-DIRECCION	RESULT-ENSU-DICTAMEN-C10-HABITO-CAMINAR-NOCHE-EDAD-45-59-K	RESULT-ENSU-DICTAMEN-C10-HABITO-CAMINAR-NOCHE-EDAD-45-59-N-FUERA	RESULT-ENSU-DICTAMEN-C10-HABITO-CAMINAR-NOCHE-EDAD-45-59-DELTA-PP	RESULT-ENSU-DICTAMEN-C10-HABITO-CAMINAR-NOCHE-EDAD-45-59-OLA-INI	RESULT-ENSU-DICTAMEN-C10-HABITO-CAMINAR-NOCHE-EDAD-45-59-OLA-FIN	RESULT-ENSU-DICTAMEN-C10-HABITO-CAMINAR-NOCHE-EDAD-45-59-N-CAMBIO-DOCUMENTADO
C10-HABITO-CAMINAR-NOCHE	EDAD	60-MAS	RESULT-ENSU-DICTAMEN-C10-HABITO-CAMINAR-NOCHE-EDAD-60-MAS-DICTAMEN	RESULT-ENSU-DICTAMEN-C10-HABITO-CAMINAR-NOCHE-EDAD-60-MAS-DIRECCION	RESULT-ENSU-DICTAMEN-C10-HABITO-CAMINAR-NOCHE-EDAD-60-MAS-K	RESULT-ENSU-DICTAMEN-C10-HABITO-CAMINAR-NOCHE-EDAD-60-MAS-N-FUERA	RESULT-ENSU-DICTAMEN-C10-HABITO-CAMINAR-NOCHE-EDAD-60-MAS-DELTA-PP	RESULT-ENSU-DICTAMEN-C10-HABITO-CAMINAR-NOCHE-EDAD-60-MAS-OLA-INI	RESULT-ENSU-DICTAMEN-C10-HABITO-CAMINAR-NOCHE-EDAD-60-MAS-OLA-FIN	RESULT-ENSU-DICTAMEN-C10-HABITO-CAMINAR-NOCHE-EDAD-60-MAS-N-CAMBIO-DOCUMENTADO
C10-HABITO-CAMINAR-NOCHE	SEXO	HOMBRE	RESULT-ENSU-DICTAMEN-C10-HABITO-CAMINAR-NOCHE-SEXO-HOMBRE-DICTAMEN	RESULT-ENSU-DICTAMEN-C10-HABITO-CAMINAR-NOCHE-SEXO-HOMBRE-DIRECCION	RESULT-ENSU-DICTAMEN-C10-HABITO-CAMINAR-NOCHE-SEXO-HOMBRE-K	RESULT-ENSU-DICTAMEN-C10-HABITO-CAMINAR-NOCHE-SEXO-HOMBRE-N-FUERA	RESULT-ENSU-DICTAMEN-C10-HABITO-CAMINAR-NOCHE-SEXO-HOMBRE-DELTA-PP	RESULT-ENSU-DICTAMEN-C10-HABITO-CAMINAR-NOCHE-SEXO-HOMBRE-OLA-INI	RESULT-ENSU-DICTAMEN-C10-HABITO-CAMINAR-NOCHE-SEXO-HOMBRE-OLA-FIN	RESULT-ENSU-DICTAMEN-C10-HABITO-CAMINAR-NOCHE-SEXO-HOMBRE-N-CAMBIO-DOCUMENTADO
C10-HABITO-CAMINAR-NOCHE	SEXO	MUJER	RESULT-ENSU-DICTAMEN-C10-HABITO-CAMINAR-NOCHE-SEXO-MUJER-DICTAMEN	RESULT-ENSU-DICTAMEN-C10-HABITO-CAMINAR-NOCHE-SEXO-MUJER-DIRECCION	RESULT-ENSU-DICTAMEN-C10-HABITO-CAMINAR-NOCHE-SEXO-MUJER-K	RESULT-ENSU-DICTAMEN-C10-HABITO-CAMINAR-NOCHE-SEXO-MUJER-N-FUERA	RESULT-ENSU-DICTAMEN-C10-HABITO-CAMINAR-NOCHE-SEXO-MUJER-DELTA-PP	RESULT-ENSU-DICTAMEN-C10-HABITO-CAMINAR-NOCHE-SEXO-MUJER-OLA-INI	RESULT-ENSU-DICTAMEN-C10-HABITO-CAMINAR-NOCHE-SEXO-MUJER-OLA-FIN	RESULT-ENSU-DICTAMEN-C10-HABITO-CAMINAR-NOCHE-SEXO-MUJER-N-CAMBIO-DOCUMENTADO
C10-HABITO-CAMINAR-NOCHE	TOTAL	TODOS	RESULT-ENSU-DICTAMEN-C10-HABITO-CAMINAR-NOCHE-TOTAL-TODOS-DICTAMEN	RESULT-ENSU-DICTAMEN-C10-HABITO-CAMINAR-NOCHE-TOTAL-TODOS-DIRECCION	RESULT-ENSU-DICTAMEN-C10-HABITO-CAMINAR-NOCHE-TOTAL-TODOS-K	RESULT-ENSU-DICTAMEN-C10-HABITO-CAMINAR-NOCHE-TOTAL-TODOS-N-FUERA	RESULT-ENSU-DICTAMEN-C10-HABITO-CAMINAR-NOCHE-TOTAL-TODOS-DELTA-PP	RESULT-ENSU-DICTAMEN-C10-HABITO-CAMINAR-NOCHE-TOTAL-TODOS-OLA-INI	RESULT-ENSU-DICTAMEN-C10-HABITO-CAMINAR-NOCHE-TOTAL-TODOS-OLA-FIN	RESULT-ENSU-DICTAMEN-C10-HABITO-CAMINAR-NOCHE-TOTAL-TODOS-N-CAMBIO-DOCUMENTADO
C11-HABITO-VISITAR	EDAD	18-29	RESULT-ENSU-DICTAMEN-C11-HABITO-VISITAR-EDAD-18-29-DICTAMEN	RESULT-ENSU-DICTAMEN-C11-HABITO-VISITAR-EDAD-18-29-DIRECCION	RESULT-ENSU-DICTAMEN-C11-HABITO-VISITAR-EDAD-18-29-K	RESULT-ENSU-DICTAMEN-C11-HABITO-VISITAR-EDAD-18-29-N-FUERA	RESULT-ENSU-DICTAMEN-C11-HABITO-VISITAR-EDAD-18-29-DELTA-PP	RESULT-ENSU-DICTAMEN-C11-HABITO-VISITAR-EDAD-18-29-OLA-INI	RESULT-ENSU-DICTAMEN-C11-HABITO-VISITAR-EDAD-18-29-OLA-FIN	RESULT-ENSU-DICTAMEN-C11-HABITO-VISITAR-EDAD-18-29-N-CAMBIO-DOCUMENTADO
C11-HABITO-VISITAR	EDAD	30-44	RESULT-ENSU-DICTAMEN-C11-HABITO-VISITAR-EDAD-30-44-DICTAMEN	RESULT-ENSU-DICTAMEN-C11-HABITO-VISITAR-EDAD-30-44-DIRECCION	RESULT-ENSU-DICTAMEN-C11-HABITO-VISITAR-EDAD-30-44-K	RESULT-ENSU-DICTAMEN-C11-HABITO-VISITAR-EDAD-30-44-N-FUERA	RESULT-ENSU-DICTAMEN-C11-HABITO-VISITAR-EDAD-30-44-DELTA-PP	RESULT-ENSU-DICTAMEN-C11-HABITO-VISITAR-EDAD-30-44-OLA-INI	RESULT-ENSU-DICTAMEN-C11-HABITO-VISITAR-EDAD-30-44-OLA-FIN	RESULT-ENSU-DICTAMEN-C11-HABITO-VISITAR-EDAD-30-44-N-CAMBIO-DOCUMENTADO
C11-HABITO-VISITAR	EDAD	45-59	RESULT-ENSU-DICTAMEN-C11-HABITO-VISITAR-EDAD-45-59-DICTAMEN	RESULT-ENSU-DICTAMEN-C11-HABITO-VISITAR-EDAD-45-59-DIRECCION	RESULT-ENSU-DICTAMEN-C11-HABITO-VISITAR-EDAD-45-59-K	RESULT-ENSU-DICTAMEN-C11-HABITO-VISITAR-EDAD-45-59-N-FUERA	RESULT-ENSU-DICTAMEN-C11-HABITO-VISITAR-EDAD-45-59-DELTA-PP	RESULT-ENSU-DICTAMEN-C11-HABITO-VISITAR-EDAD-45-59-OLA-INI	RESULT-ENSU-DICTAMEN-C11-HABITO-VISITAR-EDAD-45-59-OLA-FIN	RESULT-ENSU-DICTAMEN-C11-HABITO-VISITAR-EDAD-45-59-N-CAMBIO-DOCUMENTADO
C11-HABITO-VISITAR	EDAD	60-MAS	RESULT-ENSU-DICTAMEN-C11-HABITO-VISITAR-EDAD-60-MAS-DICTAMEN	RESULT-ENSU-DICTAMEN-C11-HABITO-VISITAR-EDAD-60-MAS-DIRECCION	RESULT-ENSU-DICTAMEN-C11-HABITO-VISITAR-EDAD-60-MAS-K	RESULT-ENSU-DICTAMEN-C11-HABITO-VISITAR-EDAD-60-MAS-N-FUERA	RESULT-ENSU-DICTAMEN-C11-HABITO-VISITAR-EDAD-60-MAS-DELTA-PP	RESULT-ENSU-DICTAMEN-C11-HABITO-VISITAR-EDAD-60-MAS-OLA-INI	RESULT-ENSU-DICTAMEN-C11-HABITO-VISITAR-EDAD-60-MAS-OLA-FIN	RESULT-ENSU-DICTAMEN-C11-HABITO-VISITAR-EDAD-60-MAS-N-CAMBIO-DOCUMENTADO
C11-HABITO-VISITAR	SEXO	HOMBRE	RESULT-ENSU-DICTAMEN-C11-HABITO-VISITAR-SEXO-HOMBRE-DICTAMEN	RESULT-ENSU-DICTAMEN-C11-HABITO-VISITAR-SEXO-HOMBRE-DIRECCION	RESULT-ENSU-DICTAMEN-C11-HABITO-VISITAR-SEXO-HOMBRE-K	RESULT-ENSU-DICTAMEN-C11-HABITO-VISITAR-SEXO-HOMBRE-N-FUERA	RESULT-ENSU-DICTAMEN-C11-HABITO-VISITAR-SEXO-HOMBRE-DELTA-PP	RESULT-ENSU-DICTAMEN-C11-HABITO-VISITAR-SEXO-HOMBRE-OLA-INI	RESULT-ENSU-DICTAMEN-C11-HABITO-VISITAR-SEXO-HOMBRE-OLA-FIN	RESULT-ENSU-DICTAMEN-C11-HABITO-VISITAR-SEXO-HOMBRE-N-CAMBIO-DOCUMENTADO
C11-HABITO-VISITAR	SEXO	MUJER	RESULT-ENSU-DICTAMEN-C11-HABITO-VISITAR-SEXO-MUJER-DICTAMEN	RESULT-ENSU-DICTAMEN-C11-HABITO-VISITAR-SEXO-MUJER-DIRECCION	RESULT-ENSU-DICTAMEN-C11-HABITO-VISITAR-SEXO-MUJER-K	RESULT-ENSU-DICTAMEN-C11-HABITO-VISITAR-SEXO-MUJER-N-FUERA	RESULT-ENSU-DICTAMEN-C11-HABITO-VISITAR-SEXO-MUJER-DELTA-PP	RESULT-ENSU-DICTAMEN-C11-HABITO-VISITAR-SEXO-MUJER-OLA-INI	RESULT-ENSU-DICTAMEN-C11-HABITO-VISITAR-SEXO-MUJER-OLA-FIN	RESULT-ENSU-DICTAMEN-C11-HABITO-VISITAR-SEXO-MUJER-N-CAMBIO-DOCUMENTADO
C11-HABITO-VISITAR	TOTAL	TODOS	RESULT-ENSU-DICTAMEN-C11-HABITO-VISITAR-TOTAL-TODOS-DICTAMEN	RESULT-ENSU-DICTAMEN-C11-HABITO-VISITAR-TOTAL-TODOS-DIRECCION	RESULT-ENSU-DICTAMEN-C11-HABITO-VISITAR-TOTAL-TODOS-K	RESULT-ENSU-DICTAMEN-C11-HABITO-VISITAR-TOTAL-TODOS-N-FUERA	RESULT-ENSU-DICTAMEN-C11-HABITO-VISITAR-TOTAL-TODOS-DELTA-PP	RESULT-ENSU-DICTAMEN-C11-HABITO-VISITAR-TOTAL-TODOS-OLA-INI	RESULT-ENSU-DICTAMEN-C11-HABITO-VISITAR-TOTAL-TODOS-OLA-FIN	RESULT-ENSU-DICTAMEN-C11-HABITO-VISITAR-TOTAL-TODOS-N-CAMBIO-DOCUMENTADO
C12-HABITO-MENORES	EDAD	18-29	RESULT-ENSU-DICTAMEN-C12-HABITO-MENORES-EDAD-18-29-DICTAMEN	RESULT-ENSU-DICTAMEN-C12-HABITO-MENORES-EDAD-18-29-DIRECCION	RESULT-ENSU-DICTAMEN-C12-HABITO-MENORES-EDAD-18-29-K	RESULT-ENSU-DICTAMEN-C12-HABITO-MENORES-EDAD-18-29-N-FUERA	RESULT-ENSU-DICTAMEN-C12-HABITO-MENORES-EDAD-18-29-DELTA-PP	RESULT-ENSU-DICTAMEN-C12-HABITO-MENORES-EDAD-18-29-OLA-INI	RESULT-ENSU-DICTAMEN-C12-HABITO-MENORES-EDAD-18-29-OLA-FIN	RESULT-ENSU-DICTAMEN-C12-HABITO-MENORES-EDAD-18-29-N-CAMBIO-DOCUMENTADO
C12-HABITO-MENORES	EDAD	30-44	RESULT-ENSU-DICTAMEN-C12-HABITO-MENORES-EDAD-30-44-DICTAMEN	RESULT-ENSU-DICTAMEN-C12-HABITO-MENORES-EDAD-30-44-DIRECCION	RESULT-ENSU-DICTAMEN-C12-HABITO-MENORES-EDAD-30-44-K	RESULT-ENSU-DICTAMEN-C12-HABITO-MENORES-EDAD-30-44-N-FUERA	RESULT-ENSU-DICTAMEN-C12-HABITO-MENORES-EDAD-30-44-DELTA-PP	RESULT-ENSU-DICTAMEN-C12-HABITO-MENORES-EDAD-30-44-OLA-INI	RESULT-ENSU-DICTAMEN-C12-HABITO-MENORES-EDAD-30-44-OLA-FIN	RESULT-ENSU-DICTAMEN-C12-HABITO-MENORES-EDAD-30-44-N-CAMBIO-DOCUMENTADO
C12-HABITO-MENORES	EDAD	45-59	RESULT-ENSU-DICTAMEN-C12-HABITO-MENORES-EDAD-45-59-DICTAMEN	RESULT-ENSU-DICTAMEN-C12-HABITO-MENORES-EDAD-45-59-DIRECCION	RESULT-ENSU-DICTAMEN-C12-HABITO-MENORES-EDAD-45-59-K	RESULT-ENSU-DICTAMEN-C12-HABITO-MENORES-EDAD-45-59-N-FUERA	RESULT-ENSU-DICTAMEN-C12-HABITO-MENORES-EDAD-45-59-DELTA-PP	RESULT-ENSU-DICTAMEN-C12-HABITO-MENORES-EDAD-45-59-OLA-INI	RESULT-ENSU-DICTAMEN-C12-HABITO-MENORES-EDAD-45-59-OLA-FIN	RESULT-ENSU-DICTAMEN-C12-HABITO-MENORES-EDAD-45-59-N-CAMBIO-DOCUMENTADO
C12-HABITO-MENORES	EDAD	60-MAS	RESULT-ENSU-DICTAMEN-C12-HABITO-MENORES-EDAD-60-MAS-DICTAMEN	RESULT-ENSU-DICTAMEN-C12-HABITO-MENORES-EDAD-60-MAS-DIRECCION	RESULT-ENSU-DICTAMEN-C12-HABITO-MENORES-EDAD-60-MAS-K	RESULT-ENSU-DICTAMEN-C12-HABITO-MENORES-EDAD-60-MAS-N-FUERA	RESULT-ENSU-DICTAMEN-C12-HABITO-MENORES-EDAD-60-MAS-DELTA-PP	RESULT-ENSU-DICTAMEN-C12-HABITO-MENORES-EDAD-60-MAS-OLA-INI	RESULT-ENSU-DICTAMEN-C12-HABITO-MENORES-EDAD-60-MAS-OLA-FIN	RESULT-ENSU-DICTAMEN-C12-HABITO-MENORES-EDAD-60-MAS-N-CAMBIO-DOCUMENTADO
C12-HABITO-MENORES	SEXO	HOMBRE	RESULT-ENSU-DICTAMEN-C12-HABITO-MENORES-SEXO-HOMBRE-DICTAMEN	RESULT-ENSU-DICTAMEN-C12-HABITO-MENORES-SEXO-HOMBRE-DIRECCION	RESULT-ENSU-DICTAMEN-C12-HABITO-MENORES-SEXO-HOMBRE-K	RESULT-ENSU-DICTAMEN-C12-HABITO-MENORES-SEXO-HOMBRE-N-FUERA	RESULT-ENSU-DICTAMEN-C12-HABITO-MENORES-SEXO-HOMBRE-DELTA-PP	RESULT-ENSU-DICTAMEN-C12-HABITO-MENORES-SEXO-HOMBRE-OLA-INI	RESULT-ENSU-DICTAMEN-C12-HABITO-MENORES-SEXO-HOMBRE-OLA-FIN	RESULT-ENSU-DICTAMEN-C12-HABITO-MENORES-SEXO-HOMBRE-N-CAMBIO-DOCUMENTADO
C12-HABITO-MENORES	SEXO	MUJER	RESULT-ENSU-DICTAMEN-C12-HABITO-MENORES-SEXO-MUJER-DICTAMEN	RESULT-ENSU-DICTAMEN-C12-HABITO-MENORES-SEXO-MUJER-DIRECCION	RESULT-ENSU-DICTAMEN-C12-HABITO-MENORES-SEXO-MUJER-K	RESULT-ENSU-DICTAMEN-C12-HABITO-MENORES-SEXO-MUJER-N-FUERA	RESULT-ENSU-DICTAMEN-C12-HABITO-MENORES-SEXO-MUJER-DELTA-PP	RESULT-ENSU-DICTAMEN-C12-HABITO-MENORES-SEXO-MUJER-OLA-INI	RESULT-ENSU-DICTAMEN-C12-HABITO-MENORES-SEXO-MUJER-OLA-FIN	RESULT-ENSU-DICTAMEN-C12-HABITO-MENORES-SEXO-MUJER-N-CAMBIO-DOCUMENTADO
C12-HABITO-MENORES	TOTAL	TODOS	RESULT-ENSU-DICTAMEN-C12-HABITO-MENORES-TOTAL-TODOS-DICTAMEN	RESULT-ENSU-DICTAMEN-C12-HABITO-MENORES-TOTAL-TODOS-DIRECCION	RESULT-ENSU-DICTAMEN-C12-HABITO-MENORES-TOTAL-TODOS-K	RESULT-ENSU-DICTAMEN-C12-HABITO-MENORES-TOTAL-TODOS-N-FUERA	RESULT-ENSU-DICTAMEN-C12-HABITO-MENORES-TOTAL-TODOS-DELTA-PP	RESULT-ENSU-DICTAMEN-C12-HABITO-MENORES-TOTAL-TODOS-OLA-INI	RESULT-ENSU-DICTAMEN-C12-HABITO-MENORES-TOTAL-TODOS-OLA-FIN	RESULT-ENSU-DICTAMEN-C12-HABITO-MENORES-TOTAL-TODOS-N-CAMBIO-DOCUMENTADO
C13-POLICIA-MUN-CONFIANZA	EDAD	18-29	RESULT-ENSU-DICTAMEN-C13-POLICIA-MUN-CONFIANZA-EDAD-18-29-DICTAMEN	RESULT-ENSU-DICTAMEN-C13-POLICIA-MUN-CONFIANZA-EDAD-18-29-DIRECCION	RESULT-ENSU-DICTAMEN-C13-POLICIA-MUN-CONFIANZA-EDAD-18-29-K	RESULT-ENSU-DICTAMEN-C13-POLICIA-MUN-CONFIANZA-EDAD-18-29-N-FUERA	RESULT-ENSU-DICTAMEN-C13-POLICIA-MUN-CONFIANZA-EDAD-18-29-DELTA-PP	RESULT-ENSU-DICTAMEN-C13-POLICIA-MUN-CONFIANZA-EDAD-18-29-OLA-INI	RESULT-ENSU-DICTAMEN-C13-POLICIA-MUN-CONFIANZA-EDAD-18-29-OLA-FIN	RESULT-ENSU-DICTAMEN-C13-POLICIA-MUN-CONFIANZA-EDAD-18-29-N-CAMBIO-DOCUMENTADO
C13-POLICIA-MUN-CONFIANZA	EDAD	30-44	RESULT-ENSU-DICTAMEN-C13-POLICIA-MUN-CONFIANZA-EDAD-30-44-DICTAMEN	RESULT-ENSU-DICTAMEN-C13-POLICIA-MUN-CONFIANZA-EDAD-30-44-DIRECCION	RESULT-ENSU-DICTAMEN-C13-POLICIA-MUN-CONFIANZA-EDAD-30-44-K	RESULT-ENSU-DICTAMEN-C13-POLICIA-MUN-CONFIANZA-EDAD-30-44-N-FUERA	RESULT-ENSU-DICTAMEN-C13-POLICIA-MUN-CONFIANZA-EDAD-30-44-DELTA-PP	RESULT-ENSU-DICTAMEN-C13-POLICIA-MUN-CONFIANZA-EDAD-30-44-OLA-INI	RESULT-ENSU-DICTAMEN-C13-POLICIA-MUN-CONFIANZA-EDAD-30-44-OLA-FIN	RESULT-ENSU-DICTAMEN-C13-POLICIA-MUN-CONFIANZA-EDAD-30-44-N-CAMBIO-DOCUMENTADO
C13-POLICIA-MUN-CONFIANZA	EDAD	45-59	RESULT-ENSU-DICTAMEN-C13-POLICIA-MUN-CONFIANZA-EDAD-45-59-DICTAMEN	RESULT-ENSU-DICTAMEN-C13-POLICIA-MUN-CONFIANZA-EDAD-45-59-DIRECCION	RESULT-ENSU-DICTAMEN-C13-POLICIA-MUN-CONFIANZA-EDAD-45-59-K	RESULT-ENSU-DICTAMEN-C13-POLICIA-MUN-CONFIANZA-EDAD-45-59-N-FUERA	RESULT-ENSU-DICTAMEN-C13-POLICIA-MUN-CONFIANZA-EDAD-45-59-DELTA-PP	RESULT-ENSU-DICTAMEN-C13-POLICIA-MUN-CONFIANZA-EDAD-45-59-OLA-INI	RESULT-ENSU-DICTAMEN-C13-POLICIA-MUN-CONFIANZA-EDAD-45-59-OLA-FIN	RESULT-ENSU-DICTAMEN-C13-POLICIA-MUN-CONFIANZA-EDAD-45-59-N-CAMBIO-DOCUMENTADO
C13-POLICIA-MUN-CONFIANZA	EDAD	60-MAS	RESULT-ENSU-DICTAMEN-C13-POLICIA-MUN-CONFIANZA-EDAD-60-MAS-DICTAMEN	RESULT-ENSU-DICTAMEN-C13-POLICIA-MUN-CONFIANZA-EDAD-60-MAS-DIRECCION	RESULT-ENSU-DICTAMEN-C13-POLICIA-MUN-CONFIANZA-EDAD-60-MAS-K	RESULT-ENSU-DICTAMEN-C13-POLICIA-MUN-CONFIANZA-EDAD-60-MAS-N-FUERA	RESULT-ENSU-DICTAMEN-C13-POLICIA-MUN-CONFIANZA-EDAD-60-MAS-DELTA-PP	RESULT-ENSU-DICTAMEN-C13-POLICIA-MUN-CONFIANZA-EDAD-60-MAS-OLA-INI	RESULT-ENSU-DICTAMEN-C13-POLICIA-MUN-CONFIANZA-EDAD-60-MAS-OLA-FIN	RESULT-ENSU-DICTAMEN-C13-POLICIA-MUN-CONFIANZA-EDAD-60-MAS-N-CAMBIO-DOCUMENTADO
C13-POLICIA-MUN-CONFIANZA	SEXO	HOMBRE	RESULT-ENSU-DICTAMEN-C13-POLICIA-MUN-CONFIANZA-SEXO-HOMBRE-DICTAMEN	RESULT-ENSU-DICTAMEN-C13-POLICIA-MUN-CONFIANZA-SEXO-HOMBRE-DIRECCION	RESULT-ENSU-DICTAMEN-C13-POLICIA-MUN-CONFIANZA-SEXO-HOMBRE-K	RESULT-ENSU-DICTAMEN-C13-POLICIA-MUN-CONFIANZA-SEXO-HOMBRE-N-FUERA	RESULT-ENSU-DICTAMEN-C13-POLICIA-MUN-CONFIANZA-SEXO-HOMBRE-DELTA-PP	RESULT-ENSU-DICTAMEN-C13-POLICIA-MUN-CONFIANZA-SEXO-HOMBRE-OLA-INI	RESULT-ENSU-DICTAMEN-C13-POLICIA-MUN-CONFIANZA-SEXO-HOMBRE-OLA-FIN	RESULT-ENSU-DICTAMEN-C13-POLICIA-MUN-CONFIANZA-SEXO-HOMBRE-N-CAMBIO-DOCUMENTADO
C13-POLICIA-MUN-CONFIANZA	SEXO	MUJER	RESULT-ENSU-DICTAMEN-C13-POLICIA-MUN-CONFIANZA-SEXO-MUJER-DICTAMEN	RESULT-ENSU-DICTAMEN-C13-POLICIA-MUN-CONFIANZA-SEXO-MUJER-DIRECCION	RESULT-ENSU-DICTAMEN-C13-POLICIA-MUN-CONFIANZA-SEXO-MUJER-K	RESULT-ENSU-DICTAMEN-C13-POLICIA-MUN-CONFIANZA-SEXO-MUJER-N-FUERA	RESULT-ENSU-DICTAMEN-C13-POLICIA-MUN-CONFIANZA-SEXO-MUJER-DELTA-PP	RESULT-ENSU-DICTAMEN-C13-POLICIA-MUN-CONFIANZA-SEXO-MUJER-OLA-INI	RESULT-ENSU-DICTAMEN-C13-POLICIA-MUN-CONFIANZA-SEXO-MUJER-OLA-FIN	RESULT-ENSU-DICTAMEN-C13-POLICIA-MUN-CONFIANZA-SEXO-MUJER-N-CAMBIO-DOCUMENTADO
C13-POLICIA-MUN-CONFIANZA	TOTAL	TODOS	RESULT-ENSU-DICTAMEN-C13-POLICIA-MUN-CONFIANZA-TOTAL-TODOS-DICTAMEN	RESULT-ENSU-DICTAMEN-C13-POLICIA-MUN-CONFIANZA-TOTAL-TODOS-DIRECCION	RESULT-ENSU-DICTAMEN-C13-POLICIA-MUN-CONFIANZA-TOTAL-TODOS-K	RESULT-ENSU-DICTAMEN-C13-POLICIA-MUN-CONFIANZA-TOTAL-TODOS-N-FUERA	RESULT-ENSU-DICTAMEN-C13-POLICIA-MUN-CONFIANZA-TOTAL-TODOS-DELTA-PP	RESULT-ENSU-DICTAMEN-C13-POLICIA-MUN-CONFIANZA-TOTAL-TODOS-OLA-INI	RESULT-ENSU-DICTAMEN-C13-POLICIA-MUN-CONFIANZA-TOTAL-TODOS-OLA-FIN	RESULT-ENSU-DICTAMEN-C13-POLICIA-MUN-CONFIANZA-TOTAL-TODOS-N-CAMBIO-DOCUMENTADO
C14-POLICIA-MUN-EFECTIVA	EDAD	18-29	RESULT-ENSU-DICTAMEN-C14-POLICIA-MUN-EFECTIVA-EDAD-18-29-DICTAMEN	RESULT-ENSU-DICTAMEN-C14-POLICIA-MUN-EFECTIVA-EDAD-18-29-DIRECCION	RESULT-ENSU-DICTAMEN-C14-POLICIA-MUN-EFECTIVA-EDAD-18-29-K	RESULT-ENSU-DICTAMEN-C14-POLICIA-MUN-EFECTIVA-EDAD-18-29-N-FUERA	RESULT-ENSU-DICTAMEN-C14-POLICIA-MUN-EFECTIVA-EDAD-18-29-DELTA-PP	RESULT-ENSU-DICTAMEN-C14-POLICIA-MUN-EFECTIVA-EDAD-18-29-OLA-INI	RESULT-ENSU-DICTAMEN-C14-POLICIA-MUN-EFECTIVA-EDAD-18-29-OLA-FIN	RESULT-ENSU-DICTAMEN-C14-POLICIA-MUN-EFECTIVA-EDAD-18-29-N-CAMBIO-DOCUMENTADO
C14-POLICIA-MUN-EFECTIVA	EDAD	30-44	RESULT-ENSU-DICTAMEN-C14-POLICIA-MUN-EFECTIVA-EDAD-30-44-DICTAMEN	RESULT-ENSU-DICTAMEN-C14-POLICIA-MUN-EFECTIVA-EDAD-30-44-DIRECCION	RESULT-ENSU-DICTAMEN-C14-POLICIA-MUN-EFECTIVA-EDAD-30-44-K	RESULT-ENSU-DICTAMEN-C14-POLICIA-MUN-EFECTIVA-EDAD-30-44-N-FUERA	RESULT-ENSU-DICTAMEN-C14-POLICIA-MUN-EFECTIVA-EDAD-30-44-DELTA-PP	RESULT-ENSU-DICTAMEN-C14-POLICIA-MUN-EFECTIVA-EDAD-30-44-OLA-INI	RESULT-ENSU-DICTAMEN-C14-POLICIA-MUN-EFECTIVA-EDAD-30-44-OLA-FIN	RESULT-ENSU-DICTAMEN-C14-POLICIA-MUN-EFECTIVA-EDAD-30-44-N-CAMBIO-DOCUMENTADO
C14-POLICIA-MUN-EFECTIVA	EDAD	45-59	RESULT-ENSU-DICTAMEN-C14-POLICIA-MUN-EFECTIVA-EDAD-45-59-DICTAMEN	RESULT-ENSU-DICTAMEN-C14-POLICIA-MUN-EFECTIVA-EDAD-45-59-DIRECCION	RESULT-ENSU-DICTAMEN-C14-POLICIA-MUN-EFECTIVA-EDAD-45-59-K	RESULT-ENSU-DICTAMEN-C14-POLICIA-MUN-EFECTIVA-EDAD-45-59-N-FUERA	RESULT-ENSU-DICTAMEN-C14-POLICIA-MUN-EFECTIVA-EDAD-45-59-DELTA-PP	RESULT-ENSU-DICTAMEN-C14-POLICIA-MUN-EFECTIVA-EDAD-45-59-OLA-INI	RESULT-ENSU-DICTAMEN-C14-POLICIA-MUN-EFECTIVA-EDAD-45-59-OLA-FIN	RESULT-ENSU-DICTAMEN-C14-POLICIA-MUN-EFECTIVA-EDAD-45-59-N-CAMBIO-DOCUMENTADO
C14-POLICIA-MUN-EFECTIVA	EDAD	60-MAS	RESULT-ENSU-DICTAMEN-C14-POLICIA-MUN-EFECTIVA-EDAD-60-MAS-DICTAMEN	RESULT-ENSU-DICTAMEN-C14-POLICIA-MUN-EFECTIVA-EDAD-60-MAS-DIRECCION	RESULT-ENSU-DICTAMEN-C14-POLICIA-MUN-EFECTIVA-EDAD-60-MAS-K	RESULT-ENSU-DICTAMEN-C14-POLICIA-MUN-EFECTIVA-EDAD-60-MAS-N-FUERA	RESULT-ENSU-DICTAMEN-C14-POLICIA-MUN-EFECTIVA-EDAD-60-MAS-DELTA-PP	RESULT-ENSU-DICTAMEN-C14-POLICIA-MUN-EFECTIVA-EDAD-60-MAS-OLA-INI	RESULT-ENSU-DICTAMEN-C14-POLICIA-MUN-EFECTIVA-EDAD-60-MAS-OLA-FIN	RESULT-ENSU-DICTAMEN-C14-POLICIA-MUN-EFECTIVA-EDAD-60-MAS-N-CAMBIO-DOCUMENTADO
C14-POLICIA-MUN-EFECTIVA	SEXO	HOMBRE	RESULT-ENSU-DICTAMEN-C14-POLICIA-MUN-EFECTIVA-SEXO-HOMBRE-DICTAMEN	RESULT-ENSU-DICTAMEN-C14-POLICIA-MUN-EFECTIVA-SEXO-HOMBRE-DIRECCION	RESULT-ENSU-DICTAMEN-C14-POLICIA-MUN-EFECTIVA-SEXO-HOMBRE-K	RESULT-ENSU-DICTAMEN-C14-POLICIA-MUN-EFECTIVA-SEXO-HOMBRE-N-FUERA	RESULT-ENSU-DICTAMEN-C14-POLICIA-MUN-EFECTIVA-SEXO-HOMBRE-DELTA-PP	RESULT-ENSU-DICTAMEN-C14-POLICIA-MUN-EFECTIVA-SEXO-HOMBRE-OLA-INI	RESULT-ENSU-DICTAMEN-C14-POLICIA-MUN-EFECTIVA-SEXO-HOMBRE-OLA-FIN	RESULT-ENSU-DICTAMEN-C14-POLICIA-MUN-EFECTIVA-SEXO-HOMBRE-N-CAMBIO-DOCUMENTADO
C14-POLICIA-MUN-EFECTIVA	SEXO	MUJER	RESULT-ENSU-DICTAMEN-C14-POLICIA-MUN-EFECTIVA-SEXO-MUJER-DICTAMEN	RESULT-ENSU-DICTAMEN-C14-POLICIA-MUN-EFECTIVA-SEXO-MUJER-DIRECCION	RESULT-ENSU-DICTAMEN-C14-POLICIA-MUN-EFECTIVA-SEXO-MUJER-K	RESULT-ENSU-DICTAMEN-C14-POLICIA-MUN-EFECTIVA-SEXO-MUJER-N-FUERA	RESULT-ENSU-DICTAMEN-C14-POLICIA-MUN-EFECTIVA-SEXO-MUJER-DELTA-PP	RESULT-ENSU-DICTAMEN-C14-POLICIA-MUN-EFECTIVA-SEXO-MUJER-OLA-INI	RESULT-ENSU-DICTAMEN-C14-POLICIA-MUN-EFECTIVA-SEXO-MUJER-OLA-FIN	RESULT-ENSU-DICTAMEN-C14-POLICIA-MUN-EFECTIVA-SEXO-MUJER-N-CAMBIO-DOCUMENTADO
C14-POLICIA-MUN-EFECTIVA	TOTAL	TODOS	RESULT-ENSU-DICTAMEN-C14-POLICIA-MUN-EFECTIVA-TOTAL-TODOS-DICTAMEN	RESULT-ENSU-DICTAMEN-C14-POLICIA-MUN-EFECTIVA-TOTAL-TODOS-DIRECCION	RESULT-ENSU-DICTAMEN-C14-POLICIA-MUN-EFECTIVA-TOTAL-TODOS-K	RESULT-ENSU-DICTAMEN-C14-POLICIA-MUN-EFECTIVA-TOTAL-TODOS-N-FUERA	RESULT-ENSU-DICTAMEN-C14-POLICIA-MUN-EFECTIVA-TOTAL-TODOS-DELTA-PP	RESULT-ENSU-DICTAMEN-C14-POLICIA-MUN-EFECTIVA-TOTAL-TODOS-OLA-INI	RESULT-ENSU-DICTAMEN-C14-POLICIA-MUN-EFECTIVA-TOTAL-TODOS-OLA-FIN	RESULT-ENSU-DICTAMEN-C14-POLICIA-MUN-EFECTIVA-TOTAL-TODOS-N-CAMBIO-DOCUMENTADO
C15-CORRUPCION-POLICIA	EDAD	18-29	RESULT-ENSU-DICTAMEN-C15-CORRUPCION-POLICIA-EDAD-18-29-DICTAMEN	RESULT-ENSU-DICTAMEN-C15-CORRUPCION-POLICIA-EDAD-18-29-DIRECCION	RESULT-ENSU-DICTAMEN-C15-CORRUPCION-POLICIA-EDAD-18-29-K	RESULT-ENSU-DICTAMEN-C15-CORRUPCION-POLICIA-EDAD-18-29-N-FUERA	RESULT-ENSU-DICTAMEN-C15-CORRUPCION-POLICIA-EDAD-18-29-DELTA-PP	RESULT-ENSU-DICTAMEN-C15-CORRUPCION-POLICIA-EDAD-18-29-OLA-INI	RESULT-ENSU-DICTAMEN-C15-CORRUPCION-POLICIA-EDAD-18-29-OLA-FIN	RESULT-ENSU-DICTAMEN-C15-CORRUPCION-POLICIA-EDAD-18-29-N-CAMBIO-DOCUMENTADO
C15-CORRUPCION-POLICIA	EDAD	30-44	RESULT-ENSU-DICTAMEN-C15-CORRUPCION-POLICIA-EDAD-30-44-DICTAMEN	RESULT-ENSU-DICTAMEN-C15-CORRUPCION-POLICIA-EDAD-30-44-DIRECCION	RESULT-ENSU-DICTAMEN-C15-CORRUPCION-POLICIA-EDAD-30-44-K	RESULT-ENSU-DICTAMEN-C15-CORRUPCION-POLICIA-EDAD-30-44-N-FUERA	RESULT-ENSU-DICTAMEN-C15-CORRUPCION-POLICIA-EDAD-30-44-DELTA-PP	RESULT-ENSU-DICTAMEN-C15-CORRUPCION-POLICIA-EDAD-30-44-OLA-INI	RESULT-ENSU-DICTAMEN-C15-CORRUPCION-POLICIA-EDAD-30-44-OLA-FIN	RESULT-ENSU-DICTAMEN-C15-CORRUPCION-POLICIA-EDAD-30-44-N-CAMBIO-DOCUMENTADO
C15-CORRUPCION-POLICIA	EDAD	45-59	RESULT-ENSU-DICTAMEN-C15-CORRUPCION-POLICIA-EDAD-45-59-DICTAMEN	RESULT-ENSU-DICTAMEN-C15-CORRUPCION-POLICIA-EDAD-45-59-DIRECCION	RESULT-ENSU-DICTAMEN-C15-CORRUPCION-POLICIA-EDAD-45-59-K	RESULT-ENSU-DICTAMEN-C15-CORRUPCION-POLICIA-EDAD-45-59-N-FUERA	RESULT-ENSU-DICTAMEN-C15-CORRUPCION-POLICIA-EDAD-45-59-DELTA-PP	RESULT-ENSU-DICTAMEN-C15-CORRUPCION-POLICIA-EDAD-45-59-OLA-INI	RESULT-ENSU-DICTAMEN-C15-CORRUPCION-POLICIA-EDAD-45-59-OLA-FIN	RESULT-ENSU-DICTAMEN-C15-CORRUPCION-POLICIA-EDAD-45-59-N-CAMBIO-DOCUMENTADO
C15-CORRUPCION-POLICIA	EDAD	60-MAS	RESULT-ENSU-DICTAMEN-C15-CORRUPCION-POLICIA-EDAD-60-MAS-DICTAMEN	RESULT-ENSU-DICTAMEN-C15-CORRUPCION-POLICIA-EDAD-60-MAS-DIRECCION	RESULT-ENSU-DICTAMEN-C15-CORRUPCION-POLICIA-EDAD-60-MAS-K	RESULT-ENSU-DICTAMEN-C15-CORRUPCION-POLICIA-EDAD-60-MAS-N-FUERA	RESULT-ENSU-DICTAMEN-C15-CORRUPCION-POLICIA-EDAD-60-MAS-DELTA-PP	RESULT-ENSU-DICTAMEN-C15-CORRUPCION-POLICIA-EDAD-60-MAS-OLA-INI	RESULT-ENSU-DICTAMEN-C15-CORRUPCION-POLICIA-EDAD-60-MAS-OLA-FIN	RESULT-ENSU-DICTAMEN-C15-CORRUPCION-POLICIA-EDAD-60-MAS-N-CAMBIO-DOCUMENTADO
C15-CORRUPCION-POLICIA	SEXO	HOMBRE	RESULT-ENSU-DICTAMEN-C15-CORRUPCION-POLICIA-SEXO-HOMBRE-DICTAMEN	RESULT-ENSU-DICTAMEN-C15-CORRUPCION-POLICIA-SEXO-HOMBRE-DIRECCION	RESULT-ENSU-DICTAMEN-C15-CORRUPCION-POLICIA-SEXO-HOMBRE-K	RESULT-ENSU-DICTAMEN-C15-CORRUPCION-POLICIA-SEXO-HOMBRE-N-FUERA	RESULT-ENSU-DICTAMEN-C15-CORRUPCION-POLICIA-SEXO-HOMBRE-DELTA-PP	RESULT-ENSU-DICTAMEN-C15-CORRUPCION-POLICIA-SEXO-HOMBRE-OLA-INI	RESULT-ENSU-DICTAMEN-C15-CORRUPCION-POLICIA-SEXO-HOMBRE-OLA-FIN	RESULT-ENSU-DICTAMEN-C15-CORRUPCION-POLICIA-SEXO-HOMBRE-N-CAMBIO-DOCUMENTADO
C15-CORRUPCION-POLICIA	SEXO	MUJER	RESULT-ENSU-DICTAMEN-C15-CORRUPCION-POLICIA-SEXO-MUJER-DICTAMEN	RESULT-ENSU-DICTAMEN-C15-CORRUPCION-POLICIA-SEXO-MUJER-DIRECCION	RESULT-ENSU-DICTAMEN-C15-CORRUPCION-POLICIA-SEXO-MUJER-K	RESULT-ENSU-DICTAMEN-C15-CORRUPCION-POLICIA-SEXO-MUJER-N-FUERA	RESULT-ENSU-DICTAMEN-C15-CORRUPCION-POLICIA-SEXO-MUJER-DELTA-PP	RESULT-ENSU-DICTAMEN-C15-CORRUPCION-POLICIA-SEXO-MUJER-OLA-INI	RESULT-ENSU-DICTAMEN-C15-CORRUPCION-POLICIA-SEXO-MUJER-OLA-FIN	RESULT-ENSU-DICTAMEN-C15-CORRUPCION-POLICIA-SEXO-MUJER-N-CAMBIO-DOCUMENTADO
C15-CORRUPCION-POLICIA	TOTAL	TODOS	RESULT-ENSU-DICTAMEN-C15-CORRUPCION-POLICIA-TOTAL-TODOS-DICTAMEN	RESULT-ENSU-DICTAMEN-C15-CORRUPCION-POLICIA-TOTAL-TODOS-DIRECCION	RESULT-ENSU-DICTAMEN-C15-CORRUPCION-POLICIA-TOTAL-TODOS-K	RESULT-ENSU-DICTAMEN-C15-CORRUPCION-POLICIA-TOTAL-TODOS-N-FUERA	RESULT-ENSU-DICTAMEN-C15-CORRUPCION-POLICIA-TOTAL-TODOS-DELTA-PP	RESULT-ENSU-DICTAMEN-C15-CORRUPCION-POLICIA-TOTAL-TODOS-OLA-INI	RESULT-ENSU-DICTAMEN-C15-CORRUPCION-POLICIA-TOTAL-TODOS-OLA-FIN	RESULT-ENSU-DICTAMEN-C15-CORRUPCION-POLICIA-TOTAL-TODOS-N-CAMBIO-DOCUMENTADO
